1300.169 1.78719
1300.469 1.82549
1300.768 1.85853
1301.068 1.83274
1301.367 1.80493
1301.667 1.76345
1301.967 1.79691
1302.266 1.87568
1302.567 1.8227
1302.866 1.77002
1303.167 1.79325
1303.467 1.7949
1303.767 1.74995
1304.067 1.81298
1304.367 1.77899
1304.668 1.82997
1304.968 1.85976
1305.269 1.83258
1305.569 1.78966
1305.870 1.83318
1306.171 1.83195
1306.471 1.76167
1306.772 1.80306
1307.073 1.84151
1307.375 1.78437
1307.675 1.78565
1307.977 1.7891
1308.278 1.77474
1308.579 1.8189
1308.880 1.79379
1309.182 1.74861
1309.483 1.75451
1309.785 1.72737
1310.087 1.69079
1310.388 1.77022
1310.689 1.65737
1310.992 1.71461
1311.293 1.72332
1311.596 1.67354
1311.897 1.6797
1312.200 1.68135
1312.502 1.63759
1312.804 1.672
1313.107 1.66935
1313.409 1.67069
1313.711 1.63917
1314.014 1.66702
1314.317 1.68827
1314.619 1.68145
1314.922 1.64697
1315.225 1.60586
1315.527 1.60565
1315.831 1.62764
1316.133 1.65402
1316.437 1.65872
1316.740 1.62153
1317.043 1.59864
1317.346 1.64587
1317.649 1.59372
1317.953 1.60917
1318.256 1.59882
1318.560 1.6512
1318.864 1.60226
1319.167 1.54306
1319.471 1.57267
1319.775 1.61819
1320.079 1.5967
1320.383 1.6143
1320.687 1.62024
1320.991 1.55448
1321.295 1.64479
1321.600 1.60774
1321.904 1.58487
1322.209 1.57693
1322.513 1.60641
1322.818 1.61612
1323.122 1.65827
1323.427 1.60108
1323.732 1.58334
1324.036 1.60649
1324.342 1.60522
1324.646 1.62656
1324.952 1.60695
1325.256 1.59831
1325.562 1.65289
1325.867 1.57562
1326.172 1.57289
1326.478 1.62579
1326.783 1.63458
1327.089 1.63437
1327.394 1.58897
1327.700 1.6333
1328.006 1.62511
1328.312 1.63948
1328.618 1.66062
1328.923 1.65228
1329.230 1.66959
1329.535 1.63976
1329.842 1.61055
1330.148 1.62315
1330.455 1.62753
1330.761 1.69687
1331.067 1.66343
1331.374 1.66206
1331.680 1.65191
1331.987 1.65685
1332.294 1.67544
1332.601 1.65675
1332.907 1.67725
1333.214 1.6841
1333.521 1.66896
1333.828 1.66326
1334.136 1.7162
1334.443 1.69751
1334.750 1.7131
1335.057 1.72018
1335.365 1.72865
1335.672 1.66486
1335.980 1.66511
1336.288 1.67535
1336.595 1.66945
1336.904 1.70271
1337.211 1.6771
1337.519 1.59414
1337.827 1.61661
1338.135 1.63834
1338.443 1.63804
1338.751 1.69179
1339.060 1.64756
1339.368 1.65905
1339.676 1.63587
1339.985 1.61702
1340.293 1.66224
1340.603 1.60973
1340.911 1.62462
1341.220 1.65521
1341.529 1.61216
1341.837 1.58516
1342.147 1.62083
1342.455 1.61982
1342.765 1.58691
1343.074 1.6175
1343.384 1.61757
1343.693 1.58521
1344.002 1.58764
1344.312 1.63214
1344.621 1.60191
1344.931 1.581
1345.240 1.60197
1345.551 1.58868
1345.860 1.57445
1346.170 1.60771
1346.480 1.57425
1346.790 1.58342
1347.101 1.5784
1347.410 1.58052
1347.721 1.58022
1348.031 1.59808
1348.341 1.58823
1348.652 1.54885
1348.963 1.51697
1349.274 1.56231
1349.584 1.56907
1349.895 1.55479
1350.206 1.55966
1350.516 1.56752
1350.828 1.56298
1351.139 1.52679
1351.450 1.53454
1351.761 1.53942
1352.073 1.52108
1352.384 1.54861
1352.695 1.57321
1353.007 1.59735
1353.318 1.58133
1353.630 1.56528
1353.942 1.5295
1354.254 1.53239
1354.565 1.53845
1354.877 1.56168
1355.189 1.55776
1355.501 1.56194
1355.814 1.54136
1356.125 1.5599
1356.438 1.57917
1356.750 1.56157
1357.063 1.5517
1357.375 1.52956
1357.688 1.54741
1358.001 1.54446
1358.313 1.53078
1358.626 1.56612
1358.939 1.54211
1359.251 1.52308
1359.565 1.5711
1359.878 1.549
1360.191 1.56304
1360.504 1.57436
1360.818 1.58869
1361.131 1.55816
1361.444 1.56714
1361.758 1.56959
1362.071 1.58221
1362.385 1.59167
1362.699 1.55132
1363.013 1.57427
1363.327 1.59496
1363.640 1.55983
1363.955 1.57674
1364.269 1.59974
1364.583 1.56162
1364.897 1.55418
1365.212 1.56795
1365.526 1.60085
1365.840 1.56706
1366.155 1.58618
1366.469 1.5704
1366.784 1.5715
1367.099 1.58188
1367.414 1.58896
1367.729 1.57697
1368.043 1.58562
1368.359 1.56249
1368.673 1.58525
1368.989 1.59672
1369.304 1.59917
1369.620 1.56598
1369.935 1.5807
1370.250 1.61794
1370.566 1.61158
1370.881 1.61742
1371.197 1.59698
1371.513 1.60087
1371.829 1.62266
1372.145 1.59007
1372.461 1.60815
1372.777 1.61876
1373.093 1.63697
1373.409 1.62273
1373.725 1.60941
1374.042 1.6147
1374.358 1.60312
1374.675 1.60451
1374.991 1.6056
1375.308 1.61141
1375.625 1.62932
1375.941 1.64153
1376.259 1.61107
1376.575 1.63143
1376.893 1.63592
1377.209 1.63686
1377.527 1.61522
1377.844 1.62874
1378.161 1.63718
1378.479 1.66671
1378.796 1.66608
1379.114 1.6508
1379.431 1.66224
1379.749 1.68479
1380.066 1.67192
1380.384 1.67998
1380.702 1.68411
1381.020 1.67296
1381.338 1.68403
1381.656 1.68271
1381.975 1.69585
1382.292 1.70901
1382.611 1.7196
1382.929 1.71808
1383.248 1.71032
1383.566 1.71945
1383.885 1.71857
1384.204 1.72822
1384.522 1.74988
1384.841 1.75153
1385.160 1.74591
1385.479 1.72088
1385.798 1.76774
1386.117 1.76773
1386.437 1.74962
1386.756 1.76485
1387.075 1.78719
1387.395 1.7832
1387.714 1.80088
1388.034 1.80736
1388.353 1.82352
1388.673 1.78585
1388.993 1.80467
1389.312 1.85016
1389.633 1.85193
1389.952 1.87662
1390.273 1.85956
1390.593 1.85336
1390.913 1.87498
1391.233 1.8872
1391.553 1.87835
1391.874 1.89143
1392.194 1.88686
1392.515 1.85379
1392.836 1.86131
1393.157 1.87991
1393.478 1.85773
1393.798 1.88885
1394.119 1.90599
1394.440 1.89165
1394.762 1.88342
1395.083 1.89219
1395.404 1.90201
1395.725 1.90104
1396.046 1.88366
1396.368 1.85889
1396.689 1.89215
1397.012 1.89681
1397.333 1.90435
1397.655 1.901
1397.977 1.8792
1398.298 1.9015
1398.621 1.89088
1398.943 1.92014
1399.265 1.91518
1399.587 1.89789
1399.910 1.89889
1400.232 1.88705
1400.554 1.88945
1400.877 1.87966
1401.199 1.88573
1401.522 1.88806
1401.845 1.87041
1402.168 1.85724
1402.490 1.8323
1402.813 1.85972
1403.137 1.83004
1403.459 1.81576
1403.783 1.82852
1404.106 1.82159
1404.430 1.79359
1404.753 1.78846
1405.076 1.76766
1405.400 1.76655
1405.723 1.77111
1406.047 1.75548
1406.371 1.73597
1406.695 1.738
1407.019 1.73331
1407.343 1.72263
1407.667 1.72198
1407.991 1.69736
1408.316 1.69554
1408.640 1.66499
1408.964 1.68868
1409.289 1.65695
1409.613 1.65046
1409.938 1.66433
1410.262 1.6641
1410.587 1.6375
1410.912 1.64892
1411.237 1.62945
1411.562 1.63639
1411.887 1.62325
1412.212 1.61851
1412.537 1.62055
1412.863 1.61523
1413.188 1.61253
1413.514 1.59381
1413.839 1.59306
1414.164 1.58264
1414.490 1.58907
1414.816 1.58999
1415.142 1.58251
1415.467 1.57866
1415.794 1.57245
1416.120 1.55612
1416.445 1.55402
1416.772 1.56374
1417.098 1.53297
1417.425 1.55597
1417.751 1.53441
1418.078 1.51665
1418.404 1.55242
1418.730 1.55862
1419.057 1.51878
1419.384 1.52553
1419.711 1.54597
1420.038 1.54184
1420.365 1.53058
1420.692 1.52211
1421.019 1.53628
1421.346 1.52393
1421.673 1.5089
1422.001 1.49154
1422.328 1.48554
1422.656 1.49153
1422.984 1.50981
1423.312 1.50252
1423.639 1.50298
1423.967 1.51519
1424.295 1.50755
1424.623 1.49948
1424.951 1.48873
1425.279 1.48709
1425.608 1.49034
1425.936 1.48597
1426.265 1.48897
1426.593 1.4787
1426.921 1.47812
1427.250 1.46839
1427.578 1.47789
1427.907 1.48693
1428.236 1.47367
1428.565 1.46008
1428.894 1.47728
1429.223 1.47209
1429.552 1.45976
1429.881 1.46629
1430.211 1.46381
1430.540 1.44643
1430.870 1.44512
1431.199 1.45643
1431.528 1.44937
1431.858 1.45251
1432.188 1.44364
1432.518 1.44986
1432.847 1.43836
1433.178 1.43907
1433.507 1.42441
1433.837 1.44251
1434.168 1.44193
1434.498 1.45024
1434.829 1.4403
1435.159 1.42235
1435.490 1.43649
1435.820 1.43367
1436.150 1.42936
1436.481 1.43872
1436.812 1.44294
1437.143 1.42692
1437.474 1.41224
1437.805 1.41843
1438.136 1.43262
1438.467 1.42244
1438.799 1.40557
1439.130 1.43343
1439.461 1.40889
1439.792 1.4135
1440.125 1.40751
1440.456 1.41959
1440.787 1.40674
1441.120 1.407
1441.451 1.42218
1441.783 1.42257
1442.115 1.4215
1442.448 1.41665
1442.779 1.4122
1443.111 1.40177
1443.444 1.41021
1443.776 1.41407
1444.109 1.40852
1444.441 1.4247
1444.774 1.40177
1445.107 1.40813
1445.439 1.39149
1445.773 1.39678
1446.105 1.40096
1446.439 1.40589
1446.771 1.39784
1447.105 1.4112
1447.438 1.39741
1447.771 1.38297
1448.105 1.40167
1448.438 1.39412
1448.772 1.40027
1449.105 1.39978
1449.439 1.40561
1449.773 1.39926
1450.106 1.38838
1450.441 1.392
1450.774 1.40681
1451.109 1.39469
1451.443 1.40847
1451.777 1.39362
1452.111 1.38398
1452.445 1.3996
1452.780 1.38737
1453.115 1.39602
1453.450 1.39675
1453.784 1.3955
1454.119 1.38848
1454.454 1.40041
1454.788 1.40545
1455.124 1.39621
1455.459 1.39249
1455.794 1.40678
1456.129 1.40587
1456.465 1.37671
1456.800 1.37916
1457.135 1.37867
1457.471 1.37828
1457.806 1.39134
1458.143 1.40417
1458.478 1.40438
1458.814 1.39665
1459.150 1.38118
1459.486 1.38053
1459.822 1.38327
1460.158 1.37811
1460.495 1.39114
1460.831 1.37156
1461.168 1.39317
1461.504 1.39179
1461.840 1.3818
1462.177 1.37928
1462.513 1.37862
1462.851 1.38116
1463.187 1.38728
1463.525 1.37905
1463.861 1.38015
1464.198 1.38681
1464.536 1.39008
1464.873 1.38209
1465.210 1.38131
1465.547 1.38316
1465.885 1.38597
1466.223 1.37915
1466.560 1.37839
1466.898 1.38647
1467.236 1.39382
1467.574 1.38248
1467.912 1.38669
1468.250 1.39392
1468.588 1.38038
1468.926 1.39174
1469.264 1.39707
1469.602 1.39209
1469.941 1.39638
1470.279 1.38513
1470.618 1.38319
1470.957 1.38278
1471.295 1.39375
1471.635 1.37057
1471.973 1.38416
1472.313 1.37715
1472.651 1.39184
1472.991 1.37982
1473.330 1.39066
1473.668 1.38112
1474.008 1.39526
1474.347 1.39675
1474.688 1.38004
1475.027 1.38776
1475.367 1.39977
1475.706 1.39185
1476.047 1.37952
1476.386 1.38524
1476.726 1.39062
1477.066 1.3973
1477.406 1.39627
1477.747 1.39814
1478.087 1.39421
1478.427 1.4045
1478.768 1.40167
1479.109 1.40203
1479.449 1.396
1479.789 1.40216
1480.130 1.38942
1480.471 1.39973
1480.812 1.40567
1481.153 1.39682
1481.495 1.41234
1481.835 1.41933
1482.176 1.41144
1482.518 1.40999
1482.859 1.42229
1483.201 1.41875
1483.542 1.41702
1483.884 1.41443
1484.226 1.42172
1484.567 1.41778
1484.910 1.40698
1485.251 1.41355
1485.594 1.41766
1485.935 1.41292
1486.278 1.42076
1486.620 1.4249
1486.962 1.42663
1487.305 1.42513
1487.647 1.42872
1487.990 1.42187
1488.332 1.43798
1488.676 1.41508
1489.018 1.4157
1489.361 1.41702
1489.704 1.42523
1490.047 1.4316
1490.390 1.41566
1490.733 1.42965
1491.077 1.42455
1491.420 1.44153
1491.763 1.44398
1492.107 1.43531
1492.450 1.45332
1492.794 1.44145
1493.138 1.44079
1493.482 1.44462
1493.826 1.44202
1494.169 1.45551
1494.514 1.44018
1494.858 1.44069
1495.203 1.44724
1495.547 1.45833
1495.891 1.46075
1496.235 1.44622
1496.580 1.44692
1496.925 1.45518
1497.269 1.44583
1497.615 1.45799
1497.959 1.4732
1498.304 1.45365
1498.649 1.44674
1498.994 1.47208
1499.339 1.45766
1499.684 1.46435
1500.030 1.46241
1500.375 1.4671
1500.721 1.46867
1501.067 1.47149
1501.412 1.4683
1501.758 1.48095
1502.104 1.47904
1502.450 1.4675
1502.796 1.48224
1503.142 1.4777
1503.488 1.47396
1503.834 1.48912
1504.181 1.50232
1504.527 1.49209
1504.874 1.48187
1505.220 1.48331
1505.567 1.50311
1505.913 1.49969
1506.260 1.50196
1506.607 1.49754
1506.954 1.49536
1507.301 1.49934
1507.648 1.49971
1507.995 1.51087
1508.342 1.50432
1508.689 1.52945
1509.037 1.53254
1509.384 1.52132
1509.733 1.50946
1510.080 1.52273
1510.428 1.5281
1510.776 1.53349
1511.123 1.54314
1511.471 1.53062
1511.819 1.53582
1512.168 1.54963
1512.516 1.54168
1512.865 1.54545
1513.213 1.55508
1513.561 1.57255
1513.910 1.55693
1514.258 1.56622
1514.607 1.57166
1514.956 1.5777
1515.305 1.58577
1515.654 1.59513
1516.002 1.59226
1516.352 1.61075
1516.701 1.59916
1517.050 1.6042
1517.399 1.62847
1517.749 1.62491
1518.098 1.62075
1518.448 1.63196
1518.798 1.66194
1519.147 1.6546
1519.498 1.65751
1519.847 1.67587
1520.198 1.67388
1520.547 1.68316
1520.897 1.69186
1521.248 1.69565
1521.598 1.71078
1521.949 1.71412
1522.299 1.72559
1522.650 1.73752
1523.000 1.72747
1523.350 1.74537
1523.702 1.77834
1524.052 1.76155
1524.404 1.77093
1524.754 1.78277
1525.106 1.79344
1525.457 1.80808
1525.808 1.83166
1526.160 1.83207
1526.511 1.84341
1526.863 1.85398
1527.214 1.85381
1527.566 1.8817
1527.917 1.88693
1528.269 1.89122
1528.621 1.91499
1528.973 1.92375
1529.326 1.93178
1529.677 1.95634
1530.030 1.95635
1530.382 1.95882
1530.735 1.97602
1531.087 2.00079
1531.439 2.00298
1531.793 2.01757
1532.145 2.03269
1532.498 2.04501
1532.851 2.0529
1533.204 2.05712
1533.557 2.0815
1533.911 2.08669
1534.264 2.10593
1534.616 2.12593
1534.970 2.14013
1535.323 2.16552
1535.678 2.1788
1536.031 2.16372
1536.385 2.18691
1536.739 2.21419
1537.092 2.22984
1537.446 2.22234
1537.800 2.25333
1538.155 2.2747
1538.509 2.29174
1538.863 2.30865
1539.217 2.32837
1539.572 2.36152
1539.927 2.36759
1540.281 2.38725
1540.636 2.39728
1540.990 2.41613
1541.346 2.42069
1541.700 2.45105
1542.055 2.45289
1542.411 2.44865
1542.765 2.47675
1543.121 2.49542
1543.476 2.49544
1543.832 2.54357
1544.187 2.50868
1544.542 2.50374
1544.899 2.52685
1545.254 2.56134
1545.610 2.52316
1545.966 2.51423
1546.323 2.4997
1546.678 2.507
1547.034 2.51136
1547.391 2.48391
1547.747 2.47191
1548.104 2.48897
1548.460 2.44874
1548.817 2.43993
1549.173 2.41873
1549.530 2.3887
1549.887 2.38259
1550.243 2.34992
1550.601 2.33436
1550.958 2.31157
1551.315 2.30604
1551.672 2.27266
1552.029 2.24669
1552.387 2.22588
1552.744 2.21896
1553.102 2.16586
1553.459 2.1389
1553.818 2.13542
1554.175 2.12261
1554.533 2.08618
1554.891 2.06841
1555.249 2.05622
1555.607 2.03799
1555.965 2.02885
1556.324 1.98833
1556.682 1.96089
1557.040 1.96038
1557.399 1.9438
1557.758 1.91272
1558.117 1.89861
1558.475 1.89277
1558.835 1.88329
1559.193 1.84878
1559.552 1.83988
1559.912 1.82155
1560.270 1.81683
1560.630 1.8073
1560.989 1.78917
1561.349 1.77929
1561.708 1.76447
1562.068 1.76174
1562.428 1.75423
1562.787 1.74479
1563.148 1.72717
1563.507 1.70171
1563.868 1.71067
1564.228 1.6952
1564.587 1.68755
1564.948 1.68113
1565.308 1.6757
1565.669 1.65671
1566.029 1.65641
1566.391 1.66179
1566.751 1.65347
1567.111 1.63224
1567.473 1.62933
1567.833 1.61207
1568.195 1.61409
1568.556 1.60799
1568.917 1.61274
1569.278 1.59756
1569.639 1.59531
1570.001 1.59429
1570.362 1.589
1570.724 1.56821
1571.086 1.56419
1571.448 1.56728
1571.810 1.56655
1572.171 1.55332
1572.534 1.54865
1572.896 1.54889
1573.258 1.54336
1573.620 1.54237
1573.983 1.55071
1574.345 1.52473
1574.707 1.51705
1575.070 1.51707
1575.433 1.51587
1575.796 1.51931
1576.158 1.51727
1576.522 1.51491
1576.885 1.50407
1577.247 1.5009
1577.611 1.50391
1577.974 1.49045
1578.338 1.49219
1578.701 1.48611
1579.065 1.48836
1579.428 1.48088
1579.792 1.4702
1580.156 1.46712
1580.519 1.4727
1580.884 1.46541
1581.248 1.46332
1581.612 1.46334
1581.976 1.45528
1582.340 1.45563
1582.705 1.45103
1583.069 1.45932
1583.434 1.45249
1583.798 1.43983
1584.164 1.44139
1584.528 1.45193
1584.892 1.45164
1585.258 1.44207
1585.623 1.43796
1585.988 1.4344
1586.353 1.43811
1586.719 1.42107
1587.084 1.43267
1587.450 1.43706
1587.815 1.42458
1588.180 1.42767
1588.547 1.42467
1588.912 1.42867
1589.279 1.41781
1589.644 1.42284
1590.011 1.4194
1590.376 1.4211
1590.743 1.41636
1591.109 1.41247
1591.475 1.41387
1591.842 1.42806
1592.208 1.42084
1592.575 1.40839
1592.942 1.41812
1593.309 1.41729
1593.676 1.41005
1594.042 1.41249
1594.410 1.41358
1594.777 1.4143
1595.145 1.40952
1595.511 1.4009
1595.879 1.40542
1596.247 1.41515
1596.614 1.41048
1596.982 1.41094
1597.349 1.39724
1597.718 1.40567
1598.085 1.40826
1598.454 1.3996
1598.821 1.39896
1599.189 1.41651
1599.558 1.41108
1599.926 1.40933
1600.295 1.39947
1600.663 1.40651
1601.032 1.41017
1601.401 1.40883
1601.769 1.40713
1602.138 1.39555
1602.507 1.4026
1602.876 1.40487
1603.245 1.40672
1603.615 1.39755
1603.984 1.40084
1604.353 1.39687
1604.723 1.39928
1605.092 1.40152
1605.462 1.40962
1605.831 1.40231
1606.202 1.39217
1606.571 1.39521
1606.941 1.40019
1607.311 1.39471
1607.681 1.40416
1608.052 1.3919
1608.422 1.39797
1608.793 1.40607
1609.163 1.39737
1609.533 1.3951
1609.904 1.39065
1610.274 1.38904
1610.646 1.39338
1611.016 1.39043
1611.388 1.38967
1611.758 1.39252
1612.129 1.38276
1612.501 1.39441
1612.872 1.384
1613.244 1.39467
1613.615 1.39018
1613.987 1.39813
1614.358 1.39123
1614.730 1.38878
1615.102 1.38
1615.474 1.37899
1615.846 1.38357
1616.218 1.38908
1616.591 1.39266
1616.962 1.39542
1617.334 1.39078
1617.707 1.38812
1618.080 1.3916
1618.453 1.39001
1618.825 1.39166
1619.198 1.39837
1619.571 1.38107
1619.943 1.38135
1620.317 1.39107
1620.690 1.3958
1621.063 1.40259
1621.436 1.38767
1621.810 1.39114
1622.183 1.39457
1622.557 1.39206
1622.931 1.39163
1623.304 1.39497
1623.678 1.39691
1624.052 1.3957
1624.426 1.39015
1624.800 1.38661
1625.174 1.38912
1625.549 1.38495
1625.923 1.38974
1626.297 1.3937
1626.672 1.39787
1627.047 1.38924
1627.421 1.38972
1627.795 1.38698
1628.171 1.39726
1628.545 1.39893
1628.921 1.39448
1629.296 1.38911
1629.671 1.3962
1630.046 1.39699
1630.421 1.3908
1630.797 1.40735
1631.172 1.39788
1631.548 1.3921
1631.924 1.40868
1632.300 1.40688
1632.676 1.39964
1633.051 1.40657
1633.428 1.39912
1633.804 1.39888
1634.180 1.40225
1634.556 1.39932
1634.933 1.40204
1635.309 1.41324
1635.686 1.40512
1636.063 1.40683
1636.439 1.41198
1636.816 1.40364
1637.193 1.41267
1637.571 1.40793
1637.947 1.40955
1638.324 1.39699
1638.702 1.40738
1639.079 1.40246
1639.457 1.39689
1639.834 1.40801
1640.212 1.40597
1640.589 1.39174
1640.967 1.38427
1641.345 1.38644
1641.723 1.37042
1642.101 1.3779
1642.479 1.3649
1642.858 1.36174
1643.236 1.352
1643.614 1.35052
1643.993 1.34854
1644.371 1.35278
1644.750 1.34998
1645.129 1.33875
1645.508 1.34661
1645.887 1.33949
1646.266 1.3328
1646.645 1.33209
1647.024 1.33405
1647.403 1.33617
1647.782 1.33851
1648.162 1.32914
1648.542 1.33427
1648.922 1.33536
1649.301 1.33375
1649.681 1.32883
1650.061 1.33094
1650.440 1.32482
1650.821 1.33108
1651.201 1.31836
1651.582 1.32219
1651.962 1.33048
1652.343 1.32157
1652.723 1.32569
1653.103 1.32238
1653.484 1.31924
1653.864 1.32346
1654.246 1.32413
1654.626 1.33435
1655.008 1.32369
1655.389 1.32773
1655.769 1.32625
1656.151 1.31931
1656.532 1.32798
1656.914 1.32626
1657.295 1.32535
1657.678 1.31652
1658.059 1.3142
1658.440 1.32594
1658.823 1.32067
1659.204 1.32196
1659.587 1.32028
1659.969 1.32867
1660.352 1.32795
1660.734 1.32178
1661.116 1.31833
1661.499 1.32101
1661.881 1.31781
1662.264 1.31859
1662.646 1.31802
1663.030 1.32811
1663.412 1.31534
1663.795 1.31833
1664.179 1.32211
1664.562 1.32085
1664.946 1.31263
1665.328 1.31166
1665.713 1.30393
1666.096 1.30861
1666.479 1.30747
1666.863 1.29677
1667.247 1.30123
1667.631 1.29791
1668.015 1.30539
1668.399 1.28627
1668.783 1.28055
1669.167 1.2916
1669.552 1.28498
1669.936 1.27594
1670.321 1.28278
1670.706 1.26777
1671.091 1.27786
1671.475 1.27441
1671.860 1.25917
1672.245 1.25943
1672.630 1.25956
1673.016 1.25833
1673.401 1.2562
1673.786 1.26373
1674.172 1.25374
1674.557 1.24153
1674.943 1.24618
1675.328 1.25601
1675.714 1.23644
1676.100 1.24724
1676.486 1.238
1676.872 1.23109
1677.258 1.22946
1677.645 1.22522
1678.031 1.22291
1678.417 1.21822
1678.804 1.21538
1679.191 1.21954
1679.577 1.21147
1679.964 1.20497
1680.351 1.20711
1680.737 1.20782
1681.125 1.20182
1681.512 1.19875
1681.899 1.19401
1682.286 1.20244
1682.673 1.20434
1683.061 1.18325
1683.449 1.20042
1683.837 1.19831
1684.224 1.18686
1684.613 1.18728
1685.000 1.19188
1685.388 1.1923
1685.776 1.18576
1686.164 1.19236
1686.553 1.18525
1686.941 1.1809
1687.330 1.17897
1687.718 1.18058
1688.106 1.18908
1688.496 1.18583
1688.884 1.19298
1689.274 1.17945
1689.662 1.17549
1690.052 1.17505
1690.441 1.17705
1690.830 1.18371
1691.219 1.17618
1691.609 1.17275
1691.999 1.17202
1692.388 1.17697
1692.778 1.18439
1693.167 1.18037
1693.557 1.17119
1693.948 1.17829
1694.337 1.17913
1694.728 1.16906
1695.118 1.1712
1695.509 1.18021
1695.899 1.17531
1696.289 1.18138
1696.680 1.17584
1697.070 1.17513
1697.462 1.17365
1697.852 1.17266
1698.244 1.17654
1698.634 1.17302
1699.025 1.1837
1699.417 1.17534
1699.808 1.16991
1700.200 1.16754
1700.591 1.17201
1700.983 1.17547
1701.375 1.17431
1701.766 1.17419
1702.158 1.17356
1702.550 1.18074
1702.943 1.17543
1703.334 1.17197
1703.727 1.17787
1704.119 1.1868
1704.511 1.18184
1704.904 1.17706
1705.296 1.1739
1705.689 1.17867
1706.082 1.16979
1706.475 1.17358
1706.868 1.17325
1707.261 1.17391
1707.654 1.17525
1708.047 1.18549
1708.441 1.18662
1708.834 1.18643
1709.228 1.18782
1709.621 1.17891
1710.016 1.17691
1710.409 1.17771
1710.803 1.18611
1711.197 1.18704
1711.591 1.18573
1711.985 1.18644
1712.379 1.17879
1712.774 1.18143
1713.168 1.18043
1713.563 1.18898
1713.957 1.1836
1714.351 1.18497
1714.747 1.19086
1715.141 1.19452
1715.537 1.1921
1715.931 1.1951
1716.327 1.18033
1716.722 1.18543
1717.117 1.1946
1717.513 1.187
1717.908 1.19169
1718.304 1.19283
1718.699 1.18923
1719.096 1.17974
1719.491 1.17713
1719.887 1.19018
1720.283 1.17886
1720.679 1.18562
1721.076 1.18771
1721.472 1.18361
1721.869 1.18307
1722.265 1.18715
1722.661 1.18768
1723.058 1.1852
1723.455 1.18025
1723.852 1.1899
1724.249 1.1805
1724.646 1.18838
1725.043 1.17765
1725.440 1.17929
1725.838 1.17655
1726.235 1.17862
1726.633 1.18458
1727.030 1.17619
1727.428 1.18347
1727.826 1.18391
1728.223 1.17591
1728.622 1.1816
1729.020 1.17798
1729.418 1.17465
1729.816 1.17123
1730.215 1.17747
1730.613 1.16571
1731.011 1.16733
1731.410 1.16765
1731.809 1.17051
1732.208 1.16884
1732.606 1.17193
1733.006 1.17492
1733.405 1.17014
1733.803 1.17193
1734.203 1.16968
1734.602 1.17116
1735.002 1.17376
1735.401 1.16956
1735.801 1.17188
1736.201 1.17503
1736.600 1.16592
1737.001 1.17329
1737.400 1.17868
1737.801 1.17282
1738.201 1.17819
1738.601 1.17242
1739.001 1.17371
1739.401 1.18027
1739.803 1.17428
1740.203 1.17536
1740.604 1.18361
1741.005 1.17247
1741.406 1.17706
1741.807 1.18034
1742.207 1.18109
1742.609 1.18303
1743.010 1.18727
1743.412 1.18266
1743.813 1.18941
1744.215 1.18587
1744.616 1.18395
1745.018 1.18988
1745.420 1.19292
1745.822 1.1919
1746.224 1.18064
1746.626 1.18506
1747.029 1.19242
1747.431 1.1861
1747.833 1.18889
1748.236 1.18179
1748.638 1.18513
1749.041 1.18731
1749.443 1.17984
1749.847 1.1869
1750.249 1.17551
1750.652 1.163
1751.056 1.17416
1751.458 1.1891
1751.862 1.18505
1752.265 1.17279
1752.669 1.16466
1753.073 1.16286
1753.476 1.16377
1753.880 1.16239
1754.284 1.16141
1754.688 1.16145
1755.092 1.15397
1755.497 1.15308
1755.901 1.15717
1756.304 1.15349
1756.709 1.14865
1757.114 1.14936
1757.519 1.14496
1757.923 1.14598
1758.329 1.1527
1758.733 1.14104
1759.138 1.13513
1759.543 1.13432
1759.948 1.13702
1760.354 1.14101
1760.759 1.14354
1761.165 1.13734
1761.570 1.13988
1761.975 1.13016
1762.382 1.13521
1762.787 1.12805
1763.194 1.13515
1763.599 1.13862
1764.006 1.13145
1764.412 1.13181
1764.818 1.12783
1765.224 1.12976
1765.631 1.13048
1766.038 1.13068
1766.444 1.12974
1766.851 1.12772
1767.258 1.13018
1767.664 1.12981
1768.072 1.11833
1768.479 1.12545
1768.886 1.13382
1769.293 1.13313
1769.701 1.12818
1770.109 1.13119
1770.517 1.12064
1770.924 1.12802
1771.331 1.12515
1771.740 1.12546
1772.147 1.1258
1772.556 1.12399
1772.964 1.11754
1773.373 1.11892
1773.781 1.12407
1774.190 1.12177
1774.598 1.12096
1775.006 1.11309
1775.416 1.11939
1775.824 1.10838
1776.233 1.11941
1776.642 1.11832
1777.052 1.12917
1777.461 1.12276
1777.869 1.12552
1778.279 1.12351
1778.688 1.11574
1779.099 1.12326
1779.508 1.1275
1779.918 1.12158
1780.328 1.12285
1780.737 1.13106
1781.148 1.11716
1781.558 1.1164
1781.969 1.12881
1782.378 1.13
1782.790 1.1297
1783.200 1.12911
1783.610 1.13995
1784.021 1.13773
1784.432 1.13923
1784.843 1.13073
1785.254 1.13449
1785.665 1.13181
1786.076 1.13233
1786.487 1.14044
1786.899 1.13297
1787.310 1.12886
1787.722 1.13198
1788.133 1.12657
1788.546 1.12699
1788.957 1.12643
1789.369 1.12243
1789.781 1.11773
1790.193 1.12105
1790.606 1.11783
1791.018 1.11219
1791.431 1.11804
1791.843 1.11114
1792.255 1.10616
1792.668 1.10728
1793.081 1.1115
1793.494 1.10894
1793.907 1.10079
1794.321 1.10257
1794.733 1.09705
1795.146 1.09955
1795.560 1.10033
1795.973 1.09867
1796.387 1.0935
1796.801 1.09956
1797.215 1.09386
1797.629 1.09699
1798.042 1.09944
1798.457 1.09363
1798.870 1.08904
1799.285 1.08886
1799.699 1.09031
1800.114 1.0919
1800.528 1.08916
1800.943 1.08841
1801.358 1.09471
1801.772 1.09029
1802.188 1.09262
1802.602 1.09105
1803.018 1.08909
1803.433 1.09278
1803.848 1.0915
1804.264 1.0943
1804.679 1.10727
1805.095 1.09627
1805.510 1.08478
1805.926 1.09225
1806.342 1.10002
1806.757 1.09401
1807.174 1.09268
1807.590 1.09438
1808.007 1.09422
1808.422 1.09257
1808.839 1.09528
1809.256 1.10227
1809.672 1.09217
1810.089 1.09217
1810.506 1.09327
1810.923 1.09337
1811.340 1.0936
1811.757 1.09718
1812.174 1.10137
1812.591 1.0991
1813.009 1.09477
1813.426 1.09475
1813.844 1.09551
1814.261 1.09826
1814.680 1.0947
1815.097 1.09288
1815.515 1.09616
1815.934 1.10928
1816.351 1.09543
1816.770 1.09866
1817.188 1.09817
1817.607 1.0938
1818.025 1.10134
1818.444 1.09731
1818.863 1.08739
1819.281 1.08837
1819.701 1.09969
1820.119 1.09287
1820.539 1.09381
1820.958 1.08232
1821.377 1.08313
1821.797 1.08714
1822.216 1.08708
1822.636 1.08234
1823.055 1.08336
1823.476 1.0948
1823.895 1.08755
1824.315 1.08427
1824.736 1.08328
1825.155 1.0824
1825.576 1.08812
1825.996 1.09005
1826.417 1.0845
1826.838 1.08405
1827.258 1.07864
1827.679 1.0793
1828.100 1.07457
1828.521 1.0818
1828.942 1.08685
1829.364 1.08214
1829.784 1.08408
1830.205 1.09267
1830.627 1.09013
1831.048 1.07777
1831.471 1.08732
1831.892 1.08936
1832.314 1.0839
1832.736 1.09351
1833.159 1.09261
1833.580 1.08059
1834.002 1.0904
1834.425 1.08688
1834.847 1.08585
1835.270 1.09175
1835.692 1.09193
1836.116 1.09023
1836.538 1.09501
1836.961 1.09388
1837.384 1.09894
1837.807 1.10301
1838.231 1.09822
1838.654 1.10397
1839.078 1.10878
1839.501 1.10435
1839.925 1.10142
1840.348 1.10904
1840.771 1.10427
1841.196 1.10138
1841.620 1.11605
1842.044 1.11456
1842.468 1.11079
1842.893 1.11745
1843.317 1.11676
1843.741 1.11393
1844.166 1.1183
1844.590 1.12099
1845.016 1.12229
1845.440 1.11994
1845.866 1.12213
1846.290 1.13339
1846.715 1.13293
1847.141 1.13009
1847.566 1.13643
1847.992 1.14098
1848.417 1.14398
1848.843 1.14525
1849.268 1.14897
1849.694 1.14795
1850.120 1.1489
1850.546 1.15068
1850.973 1.16072
1851.399 1.15889
1851.825 1.15494
1852.251 1.16763
1852.678 1.16011
1853.105 1.16181
1853.531 1.1673
1853.958 1.17162
1854.385 1.16834
1854.813 1.1671
1855.239 1.16759
1855.666 1.16969
1856.094 1.17021
1856.521 1.17055
1856.949 1.165
1857.376 1.17198
1857.805 1.17457
1858.232 1.17481
1858.660 1.17495
1859.088 1.17143
1859.516 1.17604
1859.945 1.17001
1860.373 1.16961
1860.802 1.17991
1861.230 1.16987
1861.658 1.17313
1862.087 1.17423
1862.515 1.17384
1862.945 1.17496
1863.374 1.17262
1863.803 1.17699
1864.232 1.16966
1864.661 1.17005
1865.091 1.16856
1865.520 1.16658
1865.950 1.16465
1866.379 1.16792
1866.810 1.17877
1867.239 1.17101
1867.669 1.17001
1868.099 1.16298
1868.529 1.16002
1868.960 1.1745
1869.390 1.16981
1869.821 1.16556
1870.251 1.17105
1870.681 1.17386
1871.113 1.17485
1871.543 1.16782
1871.975 1.16808
1872.406 1.17908
1872.837 1.17271
1873.268 1.17517
1873.699 1.17862
1874.131 1.17346
1874.562 1.17889
1874.995 1.18649
1875.426 1.18461
1875.858 1.1869
1876.290 1.18744
1876.721 1.18892
1877.154 1.18265
1877.586 1.19488
1878.019 1.1989
1878.451 1.20601
1878.884 1.20798
1879.317 1.21398
1879.749 1.21702
1880.182 1.2212
1880.615 1.21921
1881.049 1.22797
1881.481 1.23552
1881.915 1.23689
1882.348 1.24561
1882.781 1.25117
1883.215 1.25905
1883.648 1.25856
1884.083 1.26116
1884.516 1.26671
1884.951 1.27457
1885.385 1.28171
1885.818 1.28283
1886.253 1.29067
1886.687 1.29498
1887.122 1.30834
1887.556 1.31638
1887.991 1.31482
1888.426 1.32656
1888.860 1.33432
1889.296 1.32999
1889.730 1.34417
1890.166 1.34875
1890.601 1.34314
1891.037 1.35251
1891.472 1.35889
1891.907 1.36599
1892.343 1.37373
1892.779 1.36785
1893.215 1.37959
1893.651 1.37397
1894.087 1.372
1894.523 1.3831
1894.959 1.38072
1895.396 1.38022
1895.832 1.38833
1896.269 1.38614
1896.705 1.3887
1897.143 1.38463
1897.579 1.39537
1898.016 1.39357
1898.453 1.39566
1898.890 1.40599
1899.328 1.39777
1899.765 1.40965
1900.203 1.40808
1900.640 1.415
1901.078 1.41624
1901.516 1.41878
1901.953 1.41894
1902.392 1.43277
1902.829 1.43302
1903.268 1.44084
1903.706 1.44434
1904.145 1.4511
1904.583 1.46261
1905.022 1.46166
1905.461 1.46526
1905.899 1.46861
1906.338 1.46952
1906.777 1.47261
1907.217 1.471
1907.655 1.4718
1908.095 1.46955
1908.534 1.45999
1908.973 1.45465
1909.414 1.44323
1909.853 1.43523
1910.293 1.43425
1910.733 1.42253
1911.173 1.41092
1911.613 1.40865
1912.053 1.40165
1912.494 1.38633
1912.934 1.38145
1913.375 1.37237
1913.815 1.36252
1914.256 1.35747
1914.697 1.35009
1915.137 1.33572
1915.579 1.32794
1916.019 1.31599
1916.461 1.31497
1916.902 1.30565
1917.344 1.2927
1917.785 1.27728
1918.226 1.27905
1918.669 1.27619
1919.110 1.26397
1919.553 1.24865
1919.994 1.2424
1920.437 1.24068
1920.879 1.22821
1921.321 1.2318
1921.764 1.22797
1922.206 1.21757
1922.649 1.20559
1923.091 1.2065
1923.535 1.19693
1923.977 1.19794
1924.420 1.18547
1924.864 1.17927
1925.307 1.1744
1925.750 1.16891
1926.193 1.16943
1926.638 1.16488
1927.081 1.15999
1927.524 1.15972
1927.969 1.15082
1928.412 1.15191
1928.857 1.14482
1929.301 1.14311
1929.746 1.13829
1930.189 1.12865
1930.634 1.12521
1931.079 1.12436
1931.523 1.11996
1931.968 1.11101
1932.413 1.10704
1932.858 1.10842
1933.303 1.09957
1933.748 1.09515
1934.194 1.09658
1934.639 1.09373
1935.085 1.08566
1935.530 1.08683
1935.976 1.07928
1936.422 1.07365
1936.867 1.07433
1937.314 1.06972
1937.760 1.06665
1938.206 1.06447
1938.652 1.06529
1939.099 1.0587
1939.545 1.05626
1939.992 1.05668
1940.439 1.05253
1940.885 1.05435
1941.333 1.04713
1941.779 1.05051
1942.227 1.05112
1942.674 1.04603
1943.121 1.04107
1943.569 1.0433
1944.016 1.04395
1944.464 1.04025
1944.912 1.03667
1945.360 1.03126
1945.808 1.02831
1946.255 1.02926
1946.704 1.03376
1947.152 1.02579
1947.601 1.02379
1948.049 1.02723
1948.498 1.02062
1948.947 1.02998
1949.395 1.02543
1949.844 1.02203
1950.293 1.02517
1950.743 1.02232
1951.192 1.01744
1951.641 1.01909
1952.090 1.01563
1952.539 1.01313
1952.990 1.01467
1953.439 1.00733
1953.889 1.0055
1954.339 1.0049
1954.790 1.00785
1955.239 1.00197
1955.689 1.00291
1956.140 1.00238
1956.590 0.99422
1957.041 0.993704
1957.491 0.996165
1957.943 0.991926
1958.393 0.982649
1958.844 0.98987
1959.296 0.985664
1959.746 0.988616
1960.198 0.988386
1960.649 0.986547
1961.101 0.979394
1961.552 0.981396
1962.004 0.980844
1962.456 0.983734
1962.908 0.970526
1963.360 0.97921
1963.812 0.977404
1964.265 0.969458
1964.717 0.966462
1965.169 0.967919
1965.622 0.966835
1966.074 0.970289
1966.527 0.971613
1966.980 0.968201
1967.433 0.956477
1967.886 0.967847
1968.339 0.961376
1968.792 0.96295
1969.245 0.965537
1969.699 0.95822
1970.153 0.963405
1970.607 0.960827
1971.060 0.964337
1971.515 0.958646
1971.968 0.956539
1972.422 0.957269
1972.877 0.959091
1973.331 0.957398
1973.786 0.957884
1974.240 0.953988
1974.695 0.953305
1975.149 0.954457
1975.605 0.952434
1976.059 0.953519
1976.514 0.9564
1976.970 0.953018
1977.424 0.956235
1977.880 0.953697
1978.335 0.949012
1978.792 0.956507
1979.247 0.955735
1979.702 0.956973
1980.159 0.961938
1980.614 0.959363
1981.071 0.958795
1981.527 0.95365
1981.984 0.952032
1982.440 0.95184
1982.896 0.950257
1983.353 0.950848
1983.809 0.95342
1984.267 0.956346
1984.723 0.954922
1985.181 0.960413
1985.637 0.956172
1986.094 0.955789
1986.552 0.956485
1987.009 0.950738
1987.467 0.945945
1987.925 0.957096
1988.383 0.956241
1988.841 0.949083
1989.298 0.958341
1989.757 0.956994
1990.214 0.951855
1990.673 0.945943
1991.131 0.948309
1991.591 0.949818
1992.049 0.949
1992.507 0.951294
1992.966 0.951023
1993.425 0.947703
1993.885 0.951258
1994.343 0.946971
1994.803 0.945875
1995.262 0.951169
1995.721 0.951154
1996.181 0.950383
1996.641 0.948914
1997.101 0.948737
1997.560 0.947973
1998.021 0.949466
1998.481 0.947559
1998.940 0.947784
1999.401 0.951765
1999.861 0.94258
2000.323 0.939449
2000.783 0.941194
2001.244 0.939755
2001.704 0.943544
2002.165 0.944368
2002.627 0.942519
2003.087 0.944565
2003.549 0.94279
2004.010 0.94562
2004.472 0.944056
2004.933 0.935554
2005.395 0.938401
2005.857 0.936213
2006.318 0.932703
2006.781 0.940613
2007.243 0.93758
2007.706 0.938537
2008.167 0.939191
2008.630 0.934519
2009.093 0.936454
2009.555 0.931513
2010.018 0.929118
2010.481 0.940081
2010.944 0.934864
2011.407 0.931433
2011.870 0.928051
2012.334 0.928451
2012.797 0.931187
2013.261 0.932851
2013.724 0.925679
2014.188 0.928421
2014.651 0.923529
2015.115 0.92262
2015.580 0.9259
2016.043 0.933604
2016.508 0.925023
2016.972 0.926245
2017.437 0.927984
2017.901 0.920458
2018.366 0.927936
2018.831 0.925095
2019.295 0.924535
2019.761 0.92551
2020.226 0.922637
2020.692 0.92941
2021.156 0.926536
2021.621 0.918998
2022.088 0.924094
2022.553 0.92193
2023.019 0.922582
2023.484 0.914697
2023.951 0.918338
2024.417 0.919058
2024.882 0.919338
2025.349 0.917832
2025.815 0.915963
2026.282 0.912896
2026.749 0.918329
2027.216 0.9149
2027.682 0.919047
2028.149 0.922449
2028.616 0.919605
2029.083 0.917
2029.551 0.923293
2030.018 0.928764
2030.486 0.91485
2030.953 0.915098
2031.420 0.917048
2031.889 0.914277
2032.357 0.917599
2032.825 0.914567
2033.293 0.91612
2033.761 0.921253
2034.229 0.924093
2034.697 0.919341
2035.167 0.922017
2035.636 0.92
2036.104 0.913892
2036.573 0.919482
2037.042 0.920155
2037.511 0.920819
2037.979 0.925023
2038.449 0.924058
2038.920 0.925388
2039.389 0.921875
2039.858 0.917753
2040.328 0.922561
2040.797 0.916602
2041.267 0.914538
2041.738 0.925174
2042.208 0.923978
2042.678 0.919937
2043.148 0.922371
2043.619 0.921999
2044.089 0.924459
2044.560 0.927787
2045.031 0.92226
2045.503 0.921891
2045.973 0.924849
2046.444 0.926833
2046.916 0.918955
2047.387 0.91819
2047.858 0.923839
2048.330 0.924534
2048.802 0.925771
2049.274 0.926312
2049.745 0.924835
2050.218 0.921472
2050.689 0.926083
2051.161 0.923016
2051.634 0.927143
2052.107 0.933242
2052.579 0.924551
2053.052 0.925517
2053.525 0.92849
2053.998 0.927613
2054.470 0.926898
2054.944 0.935389
2055.417 0.929876
2055.890 0.935683
2056.363 0.936216
2056.838 0.931196
2057.311 0.941064
2057.784 0.937533
2058.259 0.932528
2058.733 0.941607
2059.207 0.941436
2059.680 0.941211
2060.156 0.941755
2060.629 0.945175
2061.104 0.934029
2061.579 0.94596
2062.054 0.950582
2062.529 0.944635
2063.003 0.94568
2063.479 0.947281
2063.953 0.942622
2064.429 0.936835
2064.904 0.949903
2065.380 0.947188
2065.855 0.944026
2066.331 0.944503
2066.807 0.946072
2067.283 0.947552
2067.760 0.944847
2068.235 0.94747
2068.712 0.947073
2069.188 0.946863
2069.664 0.942467
2070.141 0.945135
2070.617 0.948524
2071.095 0.941732
2071.572 0.943679
2072.049 0.939916
2072.526 0.947396
2073.003 0.94602
2073.481 0.937963
2073.958 0.943593
2074.436 0.943221
2074.913 0.941895
2075.392 0.943534
2075.869 0.935693
2076.347 0.943104
2076.825 0.946715
2077.303 0.941848
2077.782 0.939542
2078.260 0.943284
2078.740 0.939455
2079.218 0.941944
2079.696 0.943637
2080.176 0.934765
2080.654 0.938465
2081.134 0.929523
2081.613 0.932776
2082.093 0.935326
2082.572 0.93337
2083.051 0.930645
2083.531 0.933736
2084.010 0.928334
2084.491 0.931788
2084.970 0.935281
2085.451 0.931593
2085.931 0.930927
2086.411 0.928742
2086.892 0.926971
2087.372 0.923599
2087.854 0.926996
2088.334 0.923123
2088.815 0.924781
2089.296 0.921912
2089.776 0.918289
2090.258 0.925319
2090.739 0.925871
2091.221 0.923102
2091.702 0.918439
2092.185 0.921842
2092.666 0.917972
2093.147 0.915394
2093.630 0.922413
2094.112 0.919511
2094.595 0.910576
2095.077 0.913853
2095.560 0.913863
2096.042 0.913666
2096.524 0.914669
2097.007 0.91685
2097.490 0.910985
2097.973 0.910243
2098.456 0.913042
2098.940 0.917636
2099.423 0.908952
2099.906 0.910787
2100.390 0.903492
2100.873 0.902198
2101.358 0.909001
2101.841 0.90847
2102.326 0.901062
2102.810 0.901963
2103.293 0.901816
2103.778 0.903595
2104.262 0.904556
2104.747 0.905204
2105.232 0.901534
2105.717 0.894604
2106.201 0.902448
2106.686 0.895363
2107.172 0.895806
2107.658 0.895565
2108.143 0.895772
2108.628 0.899909
2109.114 0.893281
2109.599 0.889229
2110.084 0.893552
2110.571 0.893911
2111.058 0.891835
2111.543 0.892269
2112.029 0.885207
2112.516 0.885684
2113.002 0.882484
2113.488 0.884691
2113.976 0.891643
2114.463 0.888352
2114.949 0.883204
2115.436 0.88136
2115.924 0.875564
2116.410 0.880054
2116.897 0.878971
2117.385 0.879851
2117.874 0.879986
2118.361 0.880596
2118.848 0.880555
2119.337 0.874197
2119.824 0.872676
2120.312 0.872445
2120.801 0.873194
2121.290 0.872233
2121.778 0.874577
2122.266 0.865557
2122.756 0.866106
2123.244 0.870465
2123.732 0.863971
2124.222 0.866138
2124.712 0.865082
2125.201 0.861423
2125.690 0.865197
2126.180 0.861877
2126.669 0.859744
2127.158 0.8639
2127.649 0.862814
2128.139 0.861945
2128.629 0.860281
2129.119 0.863174
2129.610 0.86245
2130.100 0.861209
2130.590 0.863613
2131.081 0.863537
2131.572 0.856525
2132.063 0.861803
2132.553 0.858555
2133.045 0.859137
2133.536 0.858557
2134.026 0.857053
2134.519 0.858381
2135.011 0.854471
2135.502 0.854642
2135.993 0.857567
2136.486 0.854253
2136.977 0.855008
2137.470 0.854513
2137.962 0.855735
2138.455 0.852805
2138.947 0.852275
2139.439 0.858687
2139.932 0.855803
2140.424 0.85612
2140.918 0.852533
2141.410 0.854761
2141.904 0.851204
2142.397 0.853428
2142.890 0.849796
2143.384 0.855026
2143.877 0.857598
2144.372 0.845747
2144.865 0.846255
2145.359 0.85121
2145.853 0.848421
2146.347 0.850454
2146.842 0.84333
2147.335 0.847355
2147.831 0.842326
2148.325 0.846835
2148.820 0.842986
2149.314 0.842424
2149.809 0.838171
2150.305 0.836611
2150.799 0.838095
2151.295 0.835024
2151.790 0.833765
2152.286 0.836012
2152.781 0.836413
2153.277 0.838003
2153.773 0.838071
2154.269 0.836618
2154.765 0.834384
2155.261 0.838858
2155.758 0.831085
2156.254 0.835065
2156.750 0.831165
2157.248 0.834408
2157.744 0.832812
2158.241 0.835771
2158.738 0.833555
2159.236 0.837143
2159.732 0.84084
2160.229 0.835413
2160.727 0.827348
2161.224 0.827728
2161.723 0.832944
2162.220 0.832124
2162.719 0.832625
2163.216 0.835471
2163.714 0.834895
2164.213 0.831459
2164.711 0.833307
2165.210 0.834464
2165.708 0.838421
2166.208 0.83184
2166.706 0.834749
2167.204 0.835536
2167.704 0.837344
2168.203 0.840215
2168.703 0.83788
2169.201 0.835073
2169.702 0.836384
2170.201 0.837673
2170.700 0.834054
2171.201 0.833109
2171.700 0.835937
2172.201 0.828787
2172.701 0.830927
2173.202 0.834325
2173.702 0.831687
2174.202 0.829169
2174.703 0.832081
2175.203 0.830741
2175.705 0.830032
2176.205 0.835972
2176.707 0.833997
2177.208 0.834187
2177.709 0.824939
2178.211 0.82524
2178.712 0.829516
2179.215 0.82171
2179.716 0.831705
2180.219 0.833189
2180.720 0.823377
2181.222 0.829623
2181.725 0.82401
2182.227 0.825477
2182.730 0.826429
2183.232 0.819706
2183.735 0.817894
2184.238 0.820953
2184.740 0.820978
2185.244 0.823099
2185.748 0.822723
2186.251 0.822592
2186.754 0.818466
2187.258 0.818614
2187.761 0.815246
2188.264 0.812435
2188.769 0.819595
2189.274 0.814355
2189.777 0.814163
2190.281 0.810302
2190.786 0.818407
2191.290 0.816699
2191.794 0.810921
2192.300 0.811206
2192.805 0.807332
2193.310 0.811747
2193.814 0.807938
2194.320 0.809206
2194.825 0.808052
2195.330 0.801767
2195.836 0.804104
2196.343 0.803684
2196.848 0.804223
2197.353 0.8048
2197.860 0.803199
2198.365 0.797584
2198.871 0.802526
2199.378 0.805954
2199.885 0.80244
2200.392 0.80708
2200.898 0.804904
2201.405 0.799129
2201.912 0.807692
2202.418 0.806441
2202.926 0.803619
2203.434 0.801433
2203.941 0.803777
2204.448 0.805053
2204.956 0.806532
2205.464 0.807096
2205.971 0.806747
2206.480 0.805877
2206.989 0.808843
2207.496 0.803934
2208.004 0.804894
2208.513 0.80709
2209.021 0.805296
2209.530 0.802192
2210.039 0.808703
2210.549 0.807453
2211.057 0.809393
2211.566 0.805355
2212.076 0.809775
2212.585 0.807055
2213.094 0.811286
2213.604 0.813505
2214.115 0.809673
2214.624 0.807437
2215.133 0.807359
2215.644 0.804948
2216.154 0.810005
2216.665 0.811285
2217.175 0.811512
2217.686 0.808112
2218.196 0.806536
2218.707 0.805865
2219.218 0.807099
2219.729 0.810249
2220.240 0.813514
2220.751 0.80911
2221.263 0.80776
2221.774 0.810096
2222.285 0.805754
2222.798 0.808043
2223.309 0.809454
2223.822 0.805422
2224.333 0.803495
2224.846 0.80589
2225.358 0.808914
2225.870 0.805003
2226.384 0.797337
2226.896 0.799773
2227.409 0.798744
2227.922 0.800167
2228.435 0.803316
2228.948 0.79846
2229.461 0.79632
2229.975 0.794802
2230.488 0.801185
2231.002 0.79746
2231.516 0.79342
2232.030 0.796952
2232.543 0.796957
2233.057 0.790725
2233.572 0.792965
2234.086 0.797948
2234.601 0.791693
2235.115 0.789845
2235.631 0.792223
2236.145 0.791414
2236.659 0.7917
2237.175 0.792384
2237.690 0.794383
2238.206 0.79046
2238.721 0.789352
2239.237 0.786459
2239.752 0.788452
2240.267 0.788081
2240.784 0.787905
2241.299 0.788674
2241.816 0.788408
2242.332 0.787165
2242.849 0.786911
2243.365 0.794101
2243.881 0.791184
2244.398 0.794764
2244.915 0.794943
2245.433 0.792503
2245.949 0.788242
2246.467 0.793623
2246.984 0.792992
2247.501 0.79809
2248.019 0.793712
2248.536 0.789171
2249.055 0.791251
2249.572 0.792658
2250.091 0.795107
2250.608 0.795609
2251.126 0.794033
2251.645 0.794986
2252.163 0.799343
2252.683 0.801808
2253.201 0.794362
2253.720 0.797156
2254.239 0.797871
2254.757 0.799224
2255.277 0.799161
2255.796 0.79814
2256.316 0.799425
2256.835 0.796227
2257.356 0.801321
2257.875 0.797912
2258.395 0.797696
2258.915 0.803696
2259.435 0.798119
2259.956 0.797646
2260.476 0.801873
2260.997 0.798739
2261.517 0.798942
2262.038 0.798439
2262.559 0.799268
2263.080 0.799063
2263.602 0.801501
2264.122 0.799833
2264.645 0.800958
2265.165 0.799033
2265.687 0.800708
2266.209 0.803897
2266.731 0.80429
2267.253 0.803438
2267.775 0.804021
2268.298 0.80398
2268.819 0.804512
2269.341 0.803304
2269.865 0.80501
2270.388 0.804836
2270.910 0.801217
2271.433 0.808671
2271.957 0.808286
2272.479 0.806357
2273.002 0.809299
2273.526 0.81009
2274.050 0.807789
2274.573 0.810518
2275.097 0.812167
2275.621 0.810459
2276.145 0.814967
2276.668 0.81459
2277.194 0.81242
2277.719 0.814855
2278.243 0.817012
2278.767 0.817567
2279.292 0.816214
2279.817 0.814403
2280.341 0.815428
2280.867 0.815789
2281.393 0.819441
2281.918 0.817501
2282.443 0.819312
2282.969 0.823477
2283.494 0.823787
2284.020 0.818683
2284.546 0.817831
2285.073 0.818479
2285.599 0.817997
2286.125 0.82095
2286.652 0.819183
2287.178 0.818409
2287.704 0.821624
2288.231 0.823289
2288.759 0.827885
2289.286 0.822901
2289.812 0.826192
2290.340 0.823514
2290.867 0.823308
2291.394 0.827375
2291.923 0.824195
2292.451 0.82798
2292.979 0.830515
2293.506 0.827835
2294.035 0.826023
2294.563 0.828981
2295.090 0.830914
2295.620 0.831618
2296.149 0.827079
2296.677 0.831178
2297.206 0.83515
2297.735 0.832166
2298.264 0.830372
2298.794 0.835553
2299.323 0.832101
2299.853 0.829108
2300.382 0.833028
2300.911 0.837282
2301.442 0.831787
2301.971 0.840028
2302.502 0.835143
2303.032 0.834873
2303.563 0.838144
2304.093 0.835559
2304.623 0.834484
2305.154 0.832119
2305.685 0.83514
2306.216 0.842301
2306.747 0.839599
2307.279 0.835434
2307.810 0.841896
2308.340 0.837645
2308.873 0.839303
2309.404 0.836307
2309.936 0.834312
2310.468 0.839601
2311.000 0.837063
2311.532 0.836942
2312.064 0.837034
2312.597 0.838398
2313.129 0.840173
2313.663 0.835167
2314.195 0.841186
2314.729 0.843953
2315.261 0.843685
2315.793 0.846711
2316.328 0.846771
2316.860 0.843231
2317.395 0.844962
2317.928 0.847748
2318.462 0.84916
2318.996 0.844552
2319.529 0.846308
2320.064 0.847977
2320.598 0.847244
2321.133 0.852751
2321.667 0.855093
2322.202 0.854227
2322.736 0.85254
2323.271 0.853893
2323.807 0.857074
2324.341 0.860115
2324.877 0.855554
2325.412 0.857816
2325.948 0.861347
2326.483 0.861335
2327.019 0.857845
2327.555 0.856069
2328.091 0.854788
2328.627 0.855234
2329.163 0.859012
2329.700 0.855945
2330.236 0.849176
2330.772 0.853151
2331.310 0.850793
2331.846 0.852393
2332.384 0.847851
2332.920 0.845077
2333.458 0.841008
2333.995 0.846346
2334.532 0.841544
2335.070 0.838398
2335.607 0.843433
2336.146 0.841146
2336.684 0.842924
2337.222 0.838703
2337.760 0.835821
2338.298 0.837259
2338.837 0.835744
2339.375 0.833246
2339.915 0.833777
2340.453 0.834093
2340.992 0.829048
2341.531 0.829488
2342.070 0.830555
2342.610 0.831631
2343.149 0.8307
2343.689 0.830543
2344.228 0.833329
2344.769 0.824983
2345.308 0.827542
2345.848 0.827039
2346.389 0.825616
2346.928 0.823426
2347.470 0.823619
2348.010 0.819886
2348.551 0.824012
2349.091 0.821493
2349.632 0.823255
2350.174 0.823271
2350.716 0.822333
2351.256 0.818313
2351.797 0.821943
2352.340 0.820534
2352.881 0.814031
2353.422 0.818864
2353.965 0.817275
2354.508 0.818753
2355.049 0.814866
2355.591 0.815496
2356.134 0.81719
2356.676 0.820005
2357.218 0.817412
2357.762 0.816595
2358.306 0.818453
2358.848 0.817212
2359.391 0.816316
2359.935 0.809326
2360.478 0.809154
2361.021 0.814631
2361.565 0.811291
2362.110 0.813959
2362.653 0.814695
2363.197 0.81342
2363.742 0.809131
2364.285 0.811405
2364.829 0.808375
2365.375 0.809117
2365.920 0.810114
2366.464 0.81207
2367.009 0.806522
2367.555 0.807564
2368.099 0.807318
2368.644 0.808667
2369.190 0.811339
2369.737 0.804732
2370.282 0.805561
2370.827 0.806014
2371.374 0.807327
2371.919 0.808778
2372.465 0.803789
2373.012 0.809115
2373.559 0.809032
2374.105 0.806591
2374.651 0.806428
2375.199 0.806982
2375.745 0.806894
2376.292 0.802943
2376.840 0.80623
2377.388 0.805645
2377.935 0.805894
2378.482 0.807839
2379.031 0.806401
2379.578 0.806529
2380.126 0.805409
2380.674 0.805084
2381.223 0.809011
2381.771 0.811569
2382.319 0.80643
2382.868 0.806695
2383.416 0.812842
2383.966 0.810784
2384.514 0.808389
2385.064 0.808602
2385.613 0.808297
2386.162 0.809815
2386.712 0.808242
2387.261 0.803859
2387.812 0.806549
2388.361 0.805836
2388.911 0.805564
2389.461 0.806666
2390.011 0.806654
2390.562 0.806026
2391.112 0.805241
2391.663 0.804776
2392.213 0.807277
2392.765 0.805766
2393.315 0.804078
2393.866 0.811382
2394.418 0.808364
2394.969 0.80691
2395.521 0.808423
2396.072 0.811677
2396.625 0.808899
2397.176 0.808972
2397.728 0.805114
2398.281 0.806852
2398.832 0.810976
2399.385 0.80979
2399.937 0.806728
2400.491 0.808963
2401.043 0.812839
2401.595 0.81099
2402.149 0.809854
2402.702 0.80805
2403.256 0.811549
2403.809 0.81336
2404.363 0.815384
2404.916 0.810553
2405.469 0.81178
2406.024 0.813942
2406.578 0.815155
2407.133 0.813654
2407.686 0.812596
2408.241 0.812614
2408.795 0.817592
2409.350 0.814564
2409.905 0.816152
2410.460 0.82071
2411.016 0.82174
2411.570 0.82177
2412.126 0.822124
2412.681 0.826283
2413.236 0.824864
2413.793 0.826391
2414.348 0.828871
2414.905 0.827604
2415.460 0.826997
2416.017 0.830104
2416.573 0.831324
2417.129 0.828987
2417.686 0.83176
2418.243 0.834457
2418.800 0.837161
2419.357 0.8409
2419.915 0.838968
2420.471 0.837577
2421.028 0.841086
2421.586 0.839695
2422.144 0.843895
2422.702 0.841286
2423.259 0.843058
2423.818 0.84218
2424.376 0.84237
2424.933 0.834884
2425.493 0.832862
2426.051 0.835416
2426.610 0.829137
2427.168 0.826892
2427.728 0.833617
2428.286 0.830891
2428.845 0.826449
2429.405 0.827263
2429.964 0.827293
2430.524 0.826199
2431.083 0.823939
2431.644 0.824251
2432.204 0.824406
2432.763 0.824586
2433.324 0.82284
2433.884 0.824892
2434.445 0.82219
2435.005 0.817775
2435.567 0.818617
2436.127 0.823873
2436.688 0.821945
2437.249 0.822904
2437.811 0.824149
2438.372 0.824131
2438.933 0.818776
2439.496 0.822238
2440.057 0.818906
2440.618 0.817644
2441.181 0.817031
2441.744 0.818851
2442.305 0.818501
2442.867 0.816717
2443.431 0.814539
2443.993 0.812972
2444.555 0.818341
2445.119 0.813702
2445.683 0.815365
2446.245 0.812644
2446.808 0.810833
2447.372 0.809512
2447.935 0.809889
2448.498 0.808008
2449.063 0.811818
2449.628 0.811379
2450.191 0.805439
2450.755 0.805556
2451.320 0.808601
2451.884 0.807365
2452.448 0.804887
2453.013 0.804631
2453.579 0.801322
2454.144 0.806396
2454.708 0.80816
2455.274 0.80606
2455.839 0.807953
2456.404 0.80244
2456.970 0.806811
2457.537 0.804854
2458.102 0.804481
2458.668 0.803007
2459.235 0.80828
2459.801 0.811961
2460.366 0.807953
2460.934 0.805936
2461.501 0.80802
2462.068 0.806921
2462.634 0.80891
2463.202 0.811776
2463.769 0.810691
2464.335 0.808032
2464.904 0.811344
2465.472 0.812403
2466.039 0.811516
2466.606 0.807803
2467.175 0.80867
2467.743 0.814758
2468.312 0.812494
2468.880 0.809758
2469.449 0.811139
2470.017 0.808127
2470.585 0.811251
2471.155 0.813089
2471.724 0.809063
2472.293 0.80802
2472.862 0.809274
2473.433 0.808167
2474.001 0.810165
2474.571 0.807601
2475.141 0.806091
2475.711 0.810102
2476.281 0.80553
2476.851 0.805845
2477.422 0.80951
2477.992 0.805499
2478.562 0.808489
2479.134 0.804371
2479.704 0.80523
2480.276 0.810834
2480.847 0.807014
2481.419 0.80374
2481.990 0.803644
2482.561 0.802817
2483.133 0.804189
2483.704 0.807358
2484.277 0.801995
2484.848 0.805782
2485.421 0.801354
2485.993 0.80372
2486.565 0.80722
2487.139 0.809678
2487.711 0.80512
2488.284 0.802295
2488.857 0.804194
2489.431 0.804688
2490.003 0.80134
2490.576 0.800262
2491.151 0.805281
2491.724 0.800459
2492.298 0.804143
2492.872 0.804996
2493.446 0.80078
2494.020 0.801558
2494.594 0.799423
2495.169 0.800766
2495.743 0.801469
2496.319 0.801407
2496.893 0.801658
2497.469 0.799455
2498.043 0.799083
2498.618 0.802417
2499.194 0.801551
2499.769 0.797173
2500.345 0.800925
2500.921 0.797563
2501.497 0.796979
2502.073 0.796653
2502.648 0.793634
2503.226 0.79962
2503.801 0.798564
2504.379 0.796487
2504.955 0.795862
2505.532 0.796398
2506.109 0.792467
2506.685 0.79837
2507.263 0.796645
2507.840 0.79693
2508.418 0.79425
2508.996 0.796694
2509.574 0.789667
2510.151 0.789075
2510.729 0.795388
2511.308 0.791018
2511.885 0.790458
2512.465 0.793706
2513.043 0.790672
2513.622 0.793438
2514.201 0.78788
2514.779 0.789253
2515.359 0.787212
2515.938 0.786784
2516.518 0.790086
2517.097 0.786779
2517.677 0.788413
2518.256 0.787843
2518.835 0.786448
2519.417 0.786193
2519.996 0.784479
2520.577 0.787824
2521.157 0.787198
2521.738 0.782898
2522.318 0.784312
2522.899 0.784065
2523.480 0.78698
2524.061 0.784932
2524.643 0.78442
2525.224 0.7841
2525.806 0.787555
2526.387 0.783504
2526.969 0.787319
2527.551 0.785075
2528.134 0.784288
2528.716 0.784786
2529.297 0.78331
2529.881 0.785542
2530.462 0.778237
2531.045 0.779208
2531.628 0.787063
2532.212 0.784648
2532.795 0.782759
2533.377 0.781228
2533.961 0.782689
2534.544 0.785189
2535.127 0.784931
2535.712 0.780913
2536.297 0.77793
2536.880 0.783249
2537.464 0.778416
2538.049 0.777775
2538.633 0.778833
2539.217 0.777424
2539.802 0.78082
2540.388 0.786619
2540.973 0.778582
2541.557 0.775944
2542.143 0.781117
2542.728 0.779265
2543.313 0.777109
2543.899 0.777631
2544.486 0.77444
2545.071 0.773856
2545.657 0.777391
2546.244 0.776403
2546.830 0.775881
2547.416 0.778651
2548.003 0.777319
2548.591 0.774861
2549.177 0.772503
2549.763 0.771275
2550.351 0.770118
2550.938 0.770644
2551.525 0.766931
2552.113 0.765588
2552.702 0.769855
2553.289 0.770423
2553.876 0.768001
2554.465 0.766509
2555.053 0.763404
2555.641 0.766364
2556.230 0.764904
2556.820 0.765181
2557.408 0.765974
2557.996 0.766538
2558.586 0.763382
2559.174 0.763124
2559.765 0.765363
2560.354 0.762849
2560.944 0.761207
2561.533 0.76073
2562.122 0.760474
2562.713 0.763137
2563.303 0.764772
2563.894 0.76125
2564.484 0.763175
2565.075 0.765329
2565.665 0.759868
2566.255 0.759431
2566.847 0.759553
2567.438 0.752038
2568.030 0.760833
2568.620 0.756223
2569.213 0.752953
2569.804 0.754983
2570.395 0.753315
2570.988 0.749098
2571.579 0.754401
2572.172 0.755349
2572.764 0.755486
2573.357 0.750038
2573.949 0.752511
2574.541 0.747771
2575.135 0.751179
2575.727 0.751744
2576.321 0.753288
2576.914 0.752846
2577.508 0.749909
2578.101 0.750045
2578.694 0.753862
2579.289 0.751695
2579.882 0.752301
2580.477 0.746052
2581.071 0.750911
2581.666 0.751827
2582.260 0.752457
2582.854 0.747495
2583.449 0.748593
2584.044 0.745803
2584.640 0.746465
2585.234 0.74425
2585.831 0.743916
2586.425 0.742976
2587.020 0.745191
2587.617 0.743039
2588.212 0.743549
2588.809 0.747459
2589.405 0.746468
2590.002 0.744545
2590.597 0.746154
2591.193 0.740212
2591.791 0.743123
2592.387 0.747701
2592.985 0.742764
2593.582 0.74191
2594.180 0.744198
2594.776 0.741958
2595.373 0.738236
2595.972 0.742395
2596.569 0.743399
2597.168 0.740927
2597.765 0.738719
2598.364 0.740922
2598.962 0.744808
2599.560 0.736629
2600.159 0.737852
2600.758 0.746081
2601.357 0.736456
2601.956 0.737939
2602.556 0.739839
2603.154 0.73481
2603.753 0.739539
2604.354 0.738157
2604.953 0.74206
2605.553 0.739451
2606.153 0.738644
2606.754 0.738425
2607.354 0.737691
2607.953 0.737756
2608.555 0.740841
2609.155 0.736615
2609.756 0.7413
2610.357 0.741145
2610.959 0.739948
2611.560 0.738207
2612.160 0.740412
2612.763 0.740295
2613.364 0.741131
2613.966 0.741203
2614.568 0.739455
2615.170 0.742024
2615.772 0.734329
2616.374 0.736268
2616.977 0.739825
2617.581 0.7371
2618.183 0.736498
2618.785 0.736969
2619.389 0.73706
2619.992 0.733228
2620.594 0.737215
2621.199 0.734085
2621.803 0.738698
2622.406 0.735687
2623.010 0.734193
2623.615 0.735822
2624.218 0.741772
2624.822 0.739157
2625.427 0.734985
2626.032 0.733634
2626.636 0.732645
2627.241 0.732475
2627.847 0.729068
2628.451 0.732345
2629.056 0.729608
2629.662 0.726568
2630.269 0.731388
2630.874 0.730914
2631.479 0.727985
2632.086 0.72564
2632.691 0.724456
2633.297 0.725501
2633.904 0.72284
2634.511 0.716615
2635.117 0.720879
2635.724 0.71596
2636.332 0.715491
2636.938 0.718816
2637.544 0.717791
2638.153 0.714945
2638.761 0.71184
2639.368 0.71061
2639.975 0.713967
2640.584 0.713496
2641.192 0.712967
2641.799 0.707107
2642.408 0.700016
2643.018 0.705853
2643.626 0.70104
2644.234 0.705425
2644.844 0.706852
2645.452 0.69434
2646.061 0.701334
2646.671 0.701199
2647.281 0.703029
2647.890 0.693244
2648.499 0.697716
2649.110 0.693333
2649.719 0.69223
2650.329 0.698229
2650.940 0.69943
2651.552 0.691097
2652.161 0.690804
2652.771 0.694522
2653.383 0.692427
2653.994 0.688552
2654.606 0.690258
2655.216 0.693617
2655.829 0.691713
2656.440 0.687426
2657.051 0.6915
2657.664 0.693242
2658.275 0.692972
2658.888 0.694992
2659.500 0.695586
2660.113 0.690533
2660.725 0.693738
2661.337 0.698548
2661.951 0.695512
2662.563 0.695119
2663.177 0.691621
2663.790 0.693971
2664.404 0.692899
2665.017 0.691704
2665.630 0.694525
2666.245 0.698653
2666.858 0.701309
2667.473 0.695974
2668.086 0.698541
2668.702 0.697828
2669.316 0.694619
2669.930 0.699789
2670.545 0.697336
2671.160 0.695655
2671.776 0.697295
2672.390 0.695287
2673.007 0.69852
2673.622 0.697585
2674.237 0.694778
2674.853 0.699061
2675.469 0.696172
2676.086 0.69684
2676.701 0.696926
2677.319 0.699356
2677.935 0.700308
2678.551 0.696953
2679.168 0.692662
2679.784 0.692995
2680.402 0.695791
2681.019 0.693178
2681.637 0.695055
2682.254 0.697265
2682.871 0.69887
2683.490 0.695708
2684.107 0.699981
2684.726 0.697267
2685.344 0.698858
2685.963 0.692307
2686.581 0.699047
2687.199 0.694714
2687.819 0.696308
2688.437 0.691904
2689.057 0.69252
2689.676 0.697293
2690.296 0.692595
2690.915 0.700303
2691.534 0.698199
2692.154 0.696599
2692.774 0.700741
2693.395 0.698069
2694.014 0.700361
2694.635 0.70204
2695.255 0.701765
2695.875 0.697056
2696.497 0.704876
2697.117 0.703264
2697.739 0.708661
2698.360 0.704185
2698.982 0.700706
2699.603 0.699028
2700.224 0.703405
2700.847 0.70475
2701.468 0.704786
2702.091 0.702954
2702.713 0.705807
2703.336 0.706991
2703.958 0.708643
2704.580 0.709023
2705.204 0.706234
2705.826 0.706666
2706.450 0.70956
2707.073 0.707555
2707.697 0.710772
2708.320 0.715573
2708.943 0.71109
2709.567 0.711315
2710.191 0.709995
2710.816 0.714765
2711.439 0.716351
2712.064 0.714517
2712.688 0.717703
2713.313 0.719935
2713.938 0.72529
2714.564 0.713023
2715.188 0.717588
2715.813 0.716178
2716.439 0.717854
2717.064 0.719644
2717.689 0.720277
2718.316 0.720103
2718.943 0.727535
2719.568 0.726943
2720.194 0.725541
2720.821 0.726227
2721.447 0.726081
2722.073 0.727407
2722.701 0.729713
2723.329 0.724766
2723.955 0.73155
2724.582 0.736172
2725.210 0.727454
2725.837 0.725656
2726.464 0.73076
2727.093 0.728041
2727.722 0.728032
2728.349 0.736349
2728.977 0.736102
2729.606 0.731607
2730.234 0.735898
2730.862 0.737512
2731.492 0.733755
2732.122 0.742584
2732.750 0.734136
2733.379 0.739641
2734.009 0.742622
2734.638 0.742863
2735.268 0.73923
2735.898 0.740398
2736.529 0.743423
2737.159 0.743129
2737.788 0.744248
2738.420 0.745799
2739.050 0.746017
2739.680 0.744827
2740.312 0.740779
2740.943 0.74759
2741.574 0.75082
2742.205 0.746599
2742.837 0.752901
2743.468 0.750196
2744.099 0.749752
2744.732 0.754395
2745.365 0.756907
2745.996 0.754467
2746.628 0.755805
2747.261 0.755838
2747.894 0.757287
2748.526 0.75612
2749.159 0.755051
2749.793 0.755608
2750.426 0.764496
2751.059 0.759324
2751.693 0.759096
2752.326 0.756355
2752.961 0.766517
2753.594 0.763276
2754.229 0.757983
2754.863 0.761629
2755.496 0.761406
2756.132 0.764575
2756.766 0.766974
2757.402 0.770653
2758.036 0.766419
2758.672 0.768092
2759.307 0.767637
2759.941 0.767769
2760.578 0.773695
2761.213 0.776781
2761.850 0.771874
2762.485 0.772219
2763.122 0.782477
2763.758 0.779245
2764.393 0.776229
2765.031 0.781336
2765.667 0.777498
2766.305 0.779909
2766.941 0.778703
2767.579 0.783598
2768.216 0.781328
2768.853 0.792336
2769.491 0.789046
2770.128 0.79518
2770.767 0.79714
2771.405 0.793117
2772.043 0.799858
2772.681 0.801754
2773.319 0.808444
2773.958 0.817899
2774.597 0.814805
2775.237 0.816788
2775.875 0.822019
2776.515 0.825466
2777.154 0.834381
2777.793 0.836629
2778.433 0.840091
2779.073 0.84599
2779.713 0.848963
2780.353 0.85329
2780.994 0.861734
2781.634 0.868833
2782.274 0.87362
2782.915 0.874396
2783.555 0.889167
2784.197 0.902063
2784.838 0.907474
2785.480 0.90738
2786.121 0.917381
2786.762 0.925896
2787.404 0.933484
2788.046 0.948236
2788.688 0.948725
2789.330 0.95469
2789.973 0.982331
2790.615 0.985075
2791.257 0.985759
2791.901 0.999413
2792.543 1.00489
2793.187 1.00913
2793.830 1.02075
2794.474 1.02403
2795.117 1.02243
2795.760 1.03518
2796.404 1.03446
2797.048 1.03966
2797.693 1.03729
2798.336 1.04206
2798.981 1.04484
2799.625 1.03628
2800.270 1.03814
2800.915 1.04102
2801.560 1.03266
2802.206 1.02947
2802.850 1.0198
2803.497 1.01608
2804.142 1.01133
2804.787 0.996352
2805.433 0.998864
2806.079 0.99571
2806.726 0.982911
2807.372 0.966827
2808.019 0.964043
2808.665 0.949686
2809.311 0.947755
2809.959 0.939398
2810.605 0.923133
2811.253 0.921732
2811.900 0.911706
2812.549 0.902613
2813.196 0.897267
2813.843 0.891826
2814.492 0.880773
2815.141 0.866343
2815.788 0.861145
2816.436 0.860056
2817.085 0.852475
2817.733 0.848216
2818.382 0.84024
2819.032 0.835514
2819.682 0.82997
2820.330 0.82548
2820.979 0.825478
2821.630 0.819804
2822.279 0.810951
2822.928 0.810476
2823.579 0.804715
2824.230 0.797134
2824.880 0.796168
2825.530 0.800039
2826.181 0.792029
2826.831 0.793232
2827.482 0.787513
2828.134 0.784336
2828.786 0.782774
2829.437 0.780917
2830.087 0.774032
2830.740 0.773192
2831.391 0.769854
2832.043 0.762278
2832.696 0.765107
2833.349 0.765354
2834.001 0.765468
2834.653 0.761126
2835.306 0.765095
2835.959 0.756896
2836.611 0.755458
2837.265 0.751441
2837.919 0.751789
2838.572 0.752439
2839.225 0.748684
2839.880 0.746494
2840.533 0.744821
2841.187 0.748875
2841.842 0.748453
2842.497 0.738193
2843.151 0.73656
2843.805 0.732438
2844.461 0.73725
2845.115 0.733312
2845.770 0.734285
2846.426 0.734324
2847.083 0.731512
2847.738 0.731086
2848.393 0.725851
2849.050 0.721982
2849.705 0.720534
2850.360 0.726762
2851.018 0.721697
2851.675 0.722597
2852.331 0.722391
2852.987 0.713607
2853.645 0.716487
2854.302 0.717708
2854.960 0.70985
2855.617 0.713501
2856.275 0.707949
2856.932 0.710565
2857.590 0.701947
2858.249 0.71118
2858.906 0.713006
2859.565 0.703676
2860.223 0.70338
2860.883 0.698751
2861.541 0.701969
2862.199 0.69893
2862.859 0.692744
2863.518 0.697559
2864.178 0.693161
2864.837 0.695317
2865.498 0.691195
2866.157 0.689698
2866.816 0.69752
2867.477 0.688543
2868.137 0.689364
2868.798 0.688481
2869.458 0.690346
2870.120 0.685976
2870.780 0.687076
2871.441 0.683496
2872.103 0.6846
2872.764 0.683981
2873.426 0.6861
2874.087 0.681921
2874.750 0.686528
2875.411 0.680569
2876.073 0.679708
2876.736 0.679012
2877.397 0.67877
2878.061 0.674326
2878.723 0.678065
2879.387 0.673335
2880.049 0.67173
2880.712 0.668581
2881.376 0.669185
2882.039 0.668722
2882.704 0.671095
2883.367 0.665009
2884.032 0.6671
2884.695 0.671072
2885.359 0.667522
2886.024 0.669996
2886.688 0.669271
2887.354 0.66263
2888.018 0.665219
2888.684 0.667448
2889.349 0.664255
2890.013 0.664568
2890.680 0.659315
2891.345 0.657911
2892.011 0.661866
2892.677 0.656675
2893.344 0.652912
2894.009 0.6551
2894.675 0.652396
2895.343 0.652039
2896.009 0.648916
2896.677 0.64943
2897.343 0.649895
2898.011 0.65077
2898.678 0.652253
2899.344 0.644386
2900.013 0.647323
2900.680 0.650089
2901.349 0.642681
2902.017 0.6418
2902.686 0.638921
2903.354 0.644272
2904.021 0.648804
2904.691 0.633685
2905.359 0.643395
2906.029 0.642409
2906.698 0.643981
2907.368 0.636585
2908.037 0.637937
2908.706 0.645311
2909.377 0.642742
2910.046 0.637823
2910.717 0.639539
2911.387 0.639485
2912.058 0.640977
2912.728 0.634651
2913.398 0.640096
2914.070 0.645214
2914.740 0.63885
2915.412 0.639956
2916.083 0.643926
2916.755 0.63505
2917.427 0.646183
2918.098 0.637774
2918.771 0.648743
2919.444 0.644002
2920.115 0.640129
2920.787 0.644671
2921.460 0.647289
2922.133 0.644959
2922.805 0.64752
2923.479 0.649198
2924.153 0.652241
2924.826 0.645584
2925.499 0.653084
2926.173 0.659792
2926.846 0.658812
2927.520 0.657571
2928.195 0.649009
2928.870 0.656853
2929.544 0.657433
2930.218 0.653407
2930.893 0.658309
2931.567 0.65983
2932.242 0.655631
2932.918 0.655356
2933.594 0.657862
2934.269 0.65717
2934.944 0.655405
2935.621 0.655817
2936.296 0.657785
2936.972 0.657319
2937.649 0.663211
2938.327 0.655154
2939.003 0.655096
2939.679 0.656329
2940.356 0.659028
2941.033 0.658431
2941.709 0.655064
2942.388 0.657087
2943.066 0.665907
2943.744 0.65661
2944.421 0.653621
2945.100 0.655436
2945.777 0.650906
2946.455 0.654921
2947.134 0.656439
2947.814 0.658409
2948.492 0.658943
2949.170 0.655707
2949.851 0.656059
2950.529 0.655214
2951.208 0.652995
2951.888 0.653327
2952.569 0.65472
2953.248 0.653696
2953.928 0.657104
2954.609 0.656656
2955.289 0.653565
2955.968 0.65299
2956.650 0.653688
2957.332 0.656223
2958.012 0.65213
2958.693 0.650517
2959.375 0.647978
2960.056 0.649818
2960.738 0.655711
2961.419 0.65298
2962.102 0.645086
2962.784 0.65294
2963.465 0.649877
2964.149 0.644897
2964.831 0.650231
2965.514 0.649855
2966.197 0.646161
2966.880 0.645468
2967.563 0.645343
2968.246 0.649714
2968.930 0.655345
2969.613 0.648523
2970.298 0.637516
2970.981 0.64435
2971.667 0.648519
2972.350 0.644256
2973.034 0.643823
2973.719 0.641358
2974.403 0.648232
2975.089 0.642342
2975.774 0.639226
2976.460 0.638942
2977.145 0.639671
2977.830 0.642865
2978.516 0.63703
2979.202 0.636824
2979.888 0.635946
2980.574 0.637105
2981.261 0.639735
2981.947 0.633744
2982.633 0.639402
2983.321 0.629422
2984.007 0.629076
2984.695 0.635576
2985.382 0.633009
2986.070 0.625317
2986.757 0.629715
2987.444 0.629958
2988.133 0.625105
2988.821 0.621989
2989.510 0.624261
2990.198 0.621996
2990.887 0.621857
2991.575 0.621382
2992.263 0.615002
2992.954 0.614546
2993.642 0.61424
2994.332 0.614061
2995.021 0.614292
2995.712 0.611363
2996.401 0.614288
2997.090 0.610866
2997.781 0.602963
2998.471 0.60647
2999.163 0.60483
2999.853 0.606694
3000.544 0.601683
3001.234 0.600828
3001.925 0.59525
3002.617 0.600964
3003.308 0.597288
3004.000 0.598905
3004.691 0.599238
3005.384 0.599417
3006.076 0.596747
3006.767 0.592326
3007.461 0.593617
3008.153 0.592814
3008.846 0.590415
3009.539 0.58901
3010.232 0.584504
3010.925 0.585534
3011.618 0.579318
3012.312 0.584632
3013.005 0.580782
3013.700 0.584397
3014.393 0.579083
3015.088 0.577697
3015.782 0.580337
3016.476 0.579441
3017.171 0.577374
3017.865 0.570943
3018.561 0.57364
3019.256 0.572108
3019.952 0.577662
3020.646 0.576152
3021.341 0.573123
3022.038 0.570186
3022.733 0.567688
3023.431 0.569279
3024.126 0.571354
3024.823 0.560908
3025.519 0.569792
3026.215 0.566154
3026.913 0.57174
3027.611 0.566106
3028.308 0.56458
3029.004 0.565453
3029.703 0.565701
3030.400 0.568054
3031.097 0.561134
3031.796 0.562361
3032.495 0.569488
3033.192 0.570756
3033.890 0.557126
3034.590 0.571485
3035.288 0.558967
3035.986 0.558174
3036.687 0.562083
3037.387 0.566296
3038.085 0.570423
3038.784 0.564863
3039.485 0.560588
3040.184 0.567571
3040.884 0.564181
3041.585 0.560259
3042.286 0.564749
3042.986 0.56742
3043.686 0.559496
3044.388 0.563985
3045.088 0.567034
3045.789 0.56478
3046.491 0.563231
3047.194 0.562608
3047.895 0.564115
3048.596 0.565282
3049.299 0.565314
3050.000 0.564584
3050.702 0.56371
3051.406 0.561655
3052.109 0.562177
3052.812 0.561068
3053.514 0.563215
3054.218 0.564809
3054.920 0.56521
3055.623 0.55995
3056.328 0.560669
3057.033 0.560273
3057.736 0.568115
3058.439 0.566274
3059.145 0.561085
3059.848 0.562598
3060.552 0.566873
3061.258 0.565752
3061.964 0.556401
3062.668 0.56416
3063.373 0.564451
3064.079 0.564788
3064.784 0.565529
3065.489 0.564326
3066.196 0.569542
3066.903 0.562922
3067.609 0.572685
3068.314 0.569543
3069.022 0.56678
3069.728 0.572841
3070.436 0.563587
3071.142 0.561986
3071.850 0.56753
3072.557 0.571882
3073.264 0.568159
3073.973 0.567075
3074.680 0.565309
3075.389 0.564957
3076.096 0.567694
3076.806 0.565725
3077.513 0.568927
3078.221 0.571305
3078.931 0.566925
3079.640 0.571491
3080.350 0.567077
3081.058 0.569127
3081.769 0.561497
3082.478 0.5595
3083.187 0.559481
3083.898 0.56548
3084.607 0.564763
3085.319 0.558187
3086.028 0.558951
3086.740 0.562145
3087.450 0.559137
3088.160 0.559928
3088.873 0.559385
3089.583 0.562267
3090.295 0.561672
3091.006 0.565463
3091.719 0.56196
3092.430 0.55839
3093.142 0.56295
3093.855 0.555615
3094.567 0.556723
3095.281 0.561139
3095.992 0.560614
3096.707 0.559812
3097.419 0.558037
3098.131 0.560897
3098.846 0.564071
3099.559 0.5643
3100.273 0.562476
3100.987 0.562442
3101.702 0.563376
3102.415 0.560126
3103.129 0.562266
3103.844 0.559686
3104.559 0.558807
3105.274 0.565027
3105.989 0.562963
3106.705 0.563864
3107.420 0.566665
3108.135 0.564692
3108.852 0.566573
3109.567 0.570288
3110.284 0.563871
3110.999 0.567485
3111.717 0.562992
3112.432 0.569661
3113.148 0.573089
3113.866 0.574429
3114.583 0.571184
3115.301 0.566813
3116.018 0.574421
3116.736 0.571133
3117.453 0.58079
3118.170 0.577628
3118.889 0.565373
3119.607 0.577768
3120.326 0.572376
3121.044 0.570578
3121.764 0.576523
3122.482 0.571145
3123.200 0.575185
3123.920 0.572067
3124.639 0.574498
3125.359 0.57022
3126.079 0.584442
3126.799 0.575431
3127.519 0.584425
3128.238 0.581651
3128.959 0.581955
3129.679 0.578076
3130.401 0.573496
3131.121 0.575645
3131.843 0.58686
3132.564 0.575127
3133.284 0.575801
3134.007 0.575986
3134.728 0.578591
3135.451 0.564972
3136.172 0.579453
3136.895 0.574485
3137.617 0.571378
3138.339 0.580531
3139.063 0.575485
3139.786 0.578062
3140.509 0.580228
3141.231 0.572277
3141.955 0.56482
3142.678 0.572188
3143.401 0.573024
3144.126 0.574784
3144.851 0.568333
3145.574 0.57125
3146.298 0.569195
3147.024 0.562735
3147.748 0.5714
3148.472 0.572972
3149.198 0.565601
3149.924 0.571632
3150.649 0.573667
3151.374 0.569855
3152.100 0.573422
3152.825 0.574483
3153.551 0.566527
3154.278 0.572182
3155.005 0.571762
3155.731 0.5635
3156.457 0.56805
3157.185 0.571675
3157.911 0.575492
3158.638 0.574589
3159.366 0.577116
3160.094 0.572472
3160.822 0.574718
3161.549 0.580166
3162.278 0.578683
3163.005 0.581876
3163.733 0.579685
3164.462 0.580161
3165.192 0.575384
3165.920 0.577009
3166.648 0.578096
3167.379 0.574669
3168.107 0.577539
3168.836 0.579267
3169.567 0.574153
3170.298 0.576548
3171.027 0.582728
3171.757 0.576
3172.488 0.578323
3173.218 0.580558
3173.948 0.579656
3174.680 0.570257
3175.412 0.582599
3176.142 0.578845
3176.873 0.57222
3177.605 0.581766
3178.336 0.589157
3179.068 0.582095
3179.801 0.585404
3180.534 0.583305
3181.266 0.577818
3181.998 0.583411
3182.731 0.58636
3183.464 0.582382
3184.198 0.58572
3184.930 0.581117
3185.665 0.586212
3186.397 0.586702
3187.130 0.578855
3187.865 0.58675
3188.599 0.584702
3189.334 0.585953
3190.068 0.57633
3190.803 0.587585
3191.538 0.588148
3192.272 0.586199
3193.008 0.583255
3193.742 0.583534
3194.479 0.583293
3195.214 0.581553
3195.950 0.581072
3196.686 0.580538
3197.421 0.575508
3198.158 0.583858
3198.894 0.585382
3199.632 0.578362
3200.368 0.575865
3201.106 0.579622
3201.842 0.574101
3202.579 0.575944
3203.317 0.584097
3204.054 0.571435
3204.793 0.572217
3205.531 0.581469
3206.270 0.586467
3207.007 0.571674
3207.745 0.578733
3208.485 0.582596
3209.223 0.575212
3209.963 0.573263
3210.701 0.572347
3211.442 0.571394
3212.180 0.576769
3212.919 0.573762
3213.660 0.563287
3214.400 0.558183
3215.141 0.565853
3215.880 0.572824
3216.622 0.563795
3217.362 0.575573
3218.102 0.568228
3218.844 0.573556
3219.585 0.568417
3220.327 0.565268
3221.068 0.573803
3221.811 0.56911
3222.552 0.571585
3223.293 0.569949
3224.037 0.568152
3224.778 0.563221
3225.522 0.563231
3226.264 0.567417
3227.008 0.5641
3227.750 0.558497
3228.493 0.56864
3229.237 0.560035
3229.980 0.564227
3230.725 0.558547
3231.468 0.567517
3232.213 0.558915
3232.957 0.558822
3233.701 0.560751
3234.446 0.565403
3235.190 0.553107
3235.937 0.560842
3236.681 0.559023
3237.427 0.562197
3238.172 0.560615
3238.917 0.561717
3239.664 0.557417
3240.409 0.557593
3241.156 0.562143
3241.902 0.564062
3242.650 0.557925
3243.396 0.546951
3244.142 0.555068
3244.890 0.550251
3245.636 0.5586
3246.385 0.558128
3247.132 0.550266
3247.880 0.556524
3248.627 0.553899
3249.375 0.551476
3250.124 0.563482
3250.872 0.556708
3251.622 0.562744
3252.370 0.550392
3253.120 0.551522
3253.868 0.543813
3254.616 0.542037
3255.367 0.546504
3256.118 0.550994
3256.867 0.553563
3257.616 0.552066
3258.367 0.553954
3259.117 0.561041
3259.866 0.55204
3260.618 0.5534
3261.370 0.551141
3262.120 0.552044
3262.871 0.545694
3263.623 0.553408
3264.374 0.555421
3265.125 0.548592
3265.878 0.554163
3266.631 0.544957
3267.382 0.550661
3268.134 0.545493
3268.888 0.54696
3269.640 0.552505
3270.392 0.541063
3271.146 0.540145
3271.900 0.547019
3272.653 0.546958
3273.406 0.54945
3274.161 0.54242
3274.914 0.547318
3275.667 0.544325
3276.423 0.550153
3277.178 0.53734
3277.932 0.553213
3278.686 0.545247
3279.442 0.54667
3280.197 0.54866
3280.951 0.547849
3281.708 0.543297
3282.465 0.546287
3283.220 0.544188
3283.975 0.541015
3284.732 0.558349
3285.488 0.537423
3286.244 0.534658
3287.002 0.536569
3287.760 0.557292
3288.516 0.544096
3289.272 0.547608
3290.031 0.536606
3290.788 0.533961
3291.545 0.539389
3292.304 0.543162
3293.063 0.530626
3293.821 0.530147
3294.579 0.553453
3295.338 0.543456
3296.096 0.525963
3296.856 0.535403
3297.615 0.532706
3298.375 0.534614
3299.134 0.53763
3299.893 0.540479
3300.654 0.539169
3301.413 0.524081
3302.175 0.523334
3302.934 0.529242
3303.696 0.523616
3304.456 0.526695
3305.216 0.52824
3305.978 0.526184
3306.739 0.516049
3307.501 0.520969
3308.262 0.528487
3309.025 0.530914
3309.786 0.532321
3310.548 0.5295
3311.311 0.53111
3312.073 0.525669
3312.836 0.523691
3313.599 0.532131
3314.363 0.519482
3315.125 0.52532
3315.888 0.51651
3316.653 0.514665
3317.416 0.522871
3318.181 0.510945
3318.944 0.514632
3319.709 0.512803
3320.473 0.516292
3321.237 0.517751
3322.003 0.520122
3322.767 0.513442
3323.533 0.51321
3324.298 0.517864
3325.064 0.524085
3325.829 0.505174
3326.594 0.521204
3327.361 0.520709
3328.127 0.51858
3328.894 0.50763
3329.660 0.520802
3330.428 0.514786
3331.194 0.527684
3331.960 0.520259
3332.729 0.515426
3333.496 0.509668
3334.264 0.51785
3335.031 0.512921
3335.800 0.523622
3336.568 0.513333
3337.335 0.5229
3338.105 0.524401
3338.873 0.522928
3339.643 0.509003
3340.411 0.515248
3341.181 0.517464
3341.950 0.506463
3342.719 0.51739
3343.490 0.497693
3344.259 0.51861
3345.030 0.523268
3345.799 0.512983
3346.571 0.50763
3347.341 0.513683
3348.111 0.510521
3348.883 0.504675
3349.653 0.496634
3350.426 0.514221
3351.197 0.509436
3351.969 0.504041
3352.740 0.50077
3353.512 0.502625
3354.285 0.513899
3355.057 0.507933
3355.830 0.497002
3356.602 0.510485
3357.376 0.504872
3358.149 0.503943
3358.921 0.501326
3359.696 0.500619
3360.469 0.503023
3361.244 0.499167
3362.017 0.506764
3362.792 0.495199
3363.566 0.516736
3364.340 0.508069
3365.115 0.511489
3365.889 0.508709
3366.666 0.503494
3367.440 0.495973
3368.217 0.497935
3368.991 0.496519
3369.767 0.497441
3370.543 0.496121
3371.319 0.493973
3372.096 0.499591
3372.872 0.510854
3373.650 0.507312
3374.426 0.500799
3375.202 0.491269
3375.980 0.492794
3376.759 0.505851
3377.536 0.493937
3378.313 0.495016
3379.092 0.485924
3379.869 0.491429
3380.647 0.517044
3381.427 0.496076
3382.206 0.501693
3382.984 0.498237
3383.762 0.504418
3384.543 0.486341
3385.321 0.492078
3386.100 0.498753
3386.881 0.500673
3387.662 0.501351
3388.441 0.504705
3389.221 0.496165
3390.002 0.491935
3390.782 0.498922
3391.562 0.491666
3392.344 0.499863
3393.127 0.492983
3393.907 0.49774
3394.688 0.499264
3395.471 0.504986
3396.252 0.495895
3397.033 0.510738
3397.817 0.505813
3398.600 0.508532
3399.382 0.489528
3400.164 0.502404
3400.948 0.505466
3401.730 0.507626
3402.513 0.506053
3403.298 0.500081
3404.083 0.498436
3404.865 0.492374
3405.649 0.491336
3406.434 0.486486
3407.218 0.496243
3408.001 0.512706
3408.788 0.507903
3409.573 0.50405
3410.358 0.514707
3411.143 0.50583
3411.929 0.487744
3412.714 0.498724
3413.499 0.503049
3414.286 0.499067
3415.073 0.508678
3415.859 0.511001
3416.645 0.495143
3417.433 0.512726
3418.219 0.516592
3419.007 0.50643
3419.794 0.513518
3420.583 0.520907
3421.369 0.528632
3422.156 0.53031
3422.946 0.495696
3423.733 0.494729
3424.522 0.508791
3425.310 0.509344
3426.100 0.517432
3426.888 0.511987
3427.677 0.504159
3428.467 0.507964
3429.256 0.501708
3430.047 0.501399
3430.836 0.49699
3431.627 0.493424
3432.416 0.495806
3433.206 0.481463
3433.998 0.485493
3434.788 0.490792
3435.580 0.482395
3436.370 0.480581
3437.162 0.488983
3437.953 0.495793
3438.744 0.497768
3439.537 0.477172
3440.328 0.491004
3441.122 0.47328
3441.913 0.475899
3442.707 0.491019
3443.499 0.484233
3444.291 0.48994
3445.085 0.490867
3445.878 0.493083
3446.672 0.476084
3447.465 0.482577
3448.260 0.49322
3449.053 0.485499
3449.847 0.474734
