1150.006 1.28901
1150.271 1.30362
1150.535 1.31697
1150.800 1.34109
1151.065 1.3234
1151.330 1.29117
1151.596 1.32225
1151.861 1.32718
1152.126 1.32924
1152.391 1.33305
1152.656 1.3651
1152.922 1.38582
1153.188 1.35494
1153.453 1.39072
1153.719 1.33564
1153.985 1.36066
1154.250 1.36867
1154.516 1.36131
1154.782 1.31904
1155.048 1.3157
1155.314 1.37938
1155.580 1.34978
1155.846 1.3623
1156.112 1.33189
1156.378 1.33466
1156.645 1.38536
1156.911 1.37284
1157.178 1.3324
1157.444 1.39798
1157.711 1.32288
1157.977 1.39308
1158.243 1.33327
1158.510 1.34568
1158.777 1.31183
1159.044 1.34261
1159.311 1.27368
1159.578 1.35176
1159.845 1.3444
1160.112 1.31269
1160.379 1.33898
1160.646 1.38225
1160.914 1.42971
1161.181 1.41177
1161.449 1.34613
1161.716 1.3727
1161.983 1.41721
1162.251 1.41428
1162.519 1.41494
1162.787 1.44145
1163.054 1.42463
1163.322 1.44282
1163.590 1.44906
1163.858 1.43478
1164.126 1.40023
1164.394 1.4471
1164.662 1.46347
1164.930 1.46978
1165.199 1.47357
1165.467 1.4738
1165.735 1.4739
1166.004 1.48635
1166.272 1.43485
1166.541 1.47276
1166.809 1.47232
1167.078 1.46716
1167.347 1.49995
1167.615 1.53011
1167.885 1.50813
1168.153 1.46022
1168.423 1.45242
1168.692 1.48714
1168.961 1.46409
1169.230 1.44964
1169.499 1.49939
1169.769 1.52417
1170.038 1.56349
1170.307 1.56637
1170.577 1.52293
1170.847 1.56796
1171.116 1.54139
1171.385 1.50666
1171.656 1.53756
1171.925 1.50756
1172.195 1.59861
1172.465 1.56279
1172.735 1.56715
1173.005 1.59428
1173.275 1.59987
1173.546 1.57938
1173.816 1.5514
1174.086 1.56484
1174.356 1.52377
1174.627 1.58103
1174.897 1.6057
1175.168 1.56078
1175.439 1.59505
1175.709 1.56639
1175.980 1.55623
1176.251 1.58259
1176.522 1.57339
1176.793 1.61504
1177.063 1.56814
1177.335 1.59391
1177.606 1.63772
1177.877 1.64342
1178.148 1.65737
1178.420 1.64258
1178.691 1.65665
1178.962 1.62041
1179.234 1.60698
1179.505 1.58784
1179.777 1.5946
1180.049 1.56724
1180.321 1.60782
1180.592 1.61361
1180.864 1.61624
1181.136 1.60758
1181.408 1.64947
1181.680 1.68237
1181.952 1.62534
1182.225 1.64007
1182.497 1.69222
1182.769 1.6698
1183.041 1.67467
1183.314 1.70623
1183.586 1.71782
1183.859 1.73018
1184.132 1.76577
1184.404 1.7997
1184.677 1.74078
1184.950 1.78229
1185.222 1.77303
1185.496 1.76764
1185.768 1.78613
1186.042 1.84768
1186.315 1.81933
1186.588 1.78648
1186.861 1.82648
1187.134 1.86196
1187.408 1.82036
1187.681 1.82045
1187.955 1.87478
1188.228 1.87758
1188.502 1.86548
1188.776 1.89543
1189.049 1.89542
1189.323 1.90533
1189.597 1.93969
1189.871 1.9316
1190.145 1.98161
1190.420 1.97285
1190.693 1.97263
1190.968 2.0105
1191.242 2.02296
1191.516 1.99848
1191.791 2.01132
1192.065 2.05596
1192.340 2.08845
1192.614 2.06204
1192.889 1.97633
1193.164 2.04404
1193.438 2.04789
1193.713 2.03472
1193.988 2.06225
1194.263 2.1187
1194.538 2.16703
1194.813 2.1524
1195.088 2.22619
1195.363 2.22802
1195.639 2.23407
1195.914 2.23225
1196.190 2.23725
1196.465 2.2849
1196.741 2.26167
1197.016 2.30791
1197.291 2.29804
1197.568 2.29208
1197.843 2.3789
1198.119 2.36499
1198.395 2.37241
1198.671 2.42489
1198.947 2.40126
1199.223 2.43495
1199.499 2.4615
1199.775 2.45068
1200.052 2.54749
1200.328 2.55442
1200.605 2.55782
1200.881 2.57046
1201.157 2.57295
1201.434 2.57438
1201.711 2.54992
1201.988 2.60759
1202.264 2.69365
1202.542 2.6829
1202.818 2.70185
1203.095 2.73906
1203.372 2.75284
1203.649 2.84349
1203.927 2.80516
1204.204 2.85812
1204.481 2.83752
1204.758 2.90554
1205.036 3.01147
1205.313 3.00589
1205.591 3.00363
1205.869 2.99408
1206.146 3.09266
1206.424 3.08937
1206.702 3.18219
1206.979 3.16269
1207.258 3.16011
1207.535 3.18325
1207.814 3.22985
1208.092 3.26357
1208.370 3.30395
1208.648 3.35655
1208.926 3.39883
1209.205 3.42758
1209.483 3.49093
1209.762 3.51463
1210.041 3.54085
1210.320 3.5975
1210.598 3.65693
1210.876 3.61124
1211.156 3.69555
1211.434 3.71568
1211.714 3.77173
1211.992 3.80145
1212.272 3.85149
1212.551 3.90545
1212.830 3.99771
1213.109 3.98724
1213.388 4.07457
1213.668 4.06516
1213.948 4.11895
1214.227 4.05408
1214.507 4.04966
1214.786 4.06223
1215.066 4.06224
1215.346 4.05451
1215.626 4.10975
1215.906 4.10356
1216.186 4.03892
1216.466 4.03248
1216.746 4.10872
1217.026 4.12438
1217.306 4.0606
1217.587 3.96881
1217.867 3.9871
1218.148 3.88169
1218.428 3.84184
1218.708 3.78872
1218.990 3.76398
1219.270 3.75885
1219.551 3.67189
1219.832 3.60418
1220.113 3.52871
1220.394 3.48373
1220.674 3.45959
1220.956 3.43686
1221.237 3.38298
1221.518 3.3625
1221.799 3.29664
1222.081 3.25218
1222.362 3.23564
1222.643 3.1894
1222.925 3.14369
1223.207 3.13556
1223.489 3.10367
1223.770 3.11424
1224.052 3.05981
1224.334 3.04838
1224.616 3.03904
1224.898 2.99312
1225.180 2.99895
1225.462 2.97572
1225.744 2.94818
1226.027 2.96123
1226.309 2.95536
1226.591 2.91994
1226.874 2.91899
1227.156 2.91623
1227.439 2.91646
1227.722 2.86503
1228.005 2.87997
1228.287 2.88379
1228.570 2.85967
1228.853 2.86417
1229.136 2.87353
1229.419 2.87256
1229.702 2.87277
1229.986 2.84196
1230.269 2.85435
1230.552 2.82143
1230.835 2.82184
1231.118 2.84026
1231.402 2.80288
1231.686 2.84636
1231.970 2.83634
1232.253 2.82558
1232.537 2.82835
1232.821 2.83905
1233.104 2.87817
1233.389 2.84823
1233.672 2.84509
1233.957 2.85673
1234.241 2.8259
1234.525 2.83603
1234.809 2.823
1235.094 2.80954
1235.378 2.84116
1235.662 2.83624
1235.948 2.80744
1236.232 2.81996
1236.517 2.8246
1236.801 2.8056
1237.087 2.79154
1237.371 2.78211
1237.656 2.77568
1237.941 2.77481
1238.226 2.73819
1238.511 2.74023
1238.796 2.74781
1239.082 2.72937
1239.367 2.71704
1239.652 2.68662
1239.938 2.66041
1240.223 2.67242
1240.509 2.64796
1240.795 2.62283
1241.081 2.61125
1241.366 2.54777
1241.652 2.53069
1241.938 2.51658
1242.224 2.47789
1242.510 2.47193
1242.796 2.41842
1243.083 2.41278
1243.369 2.37817
1243.655 2.3504
1243.942 2.31729
1244.228 2.31053
1244.515 2.28704
1244.801 2.25158
1245.088 2.22808
1245.375 2.21241
1245.661 2.19008
1245.948 2.17479
1246.235 2.12984
1246.522 2.11691
1246.809 2.11406
1247.096 2.10603
1247.383 2.08245
1247.670 2.08098
1247.958 2.04563
1248.245 2.04053
1248.533 2.04538
1248.820 2.00542
1249.108 2.00855
1249.396 1.97353
1249.683 1.97967
1249.971 1.96113
1250.259 1.94583
1250.547 1.9366
1250.835 1.92892
1251.123 1.92922
1251.411 1.90591
1251.699 1.9008
1251.987 1.88847
1252.276 1.8795
1252.564 1.88369
1252.852 1.87067
1253.141 1.8546
1253.430 1.87063
1253.718 1.86185
1254.007 1.8377
1254.296 1.8294
1254.585 1.84069
1254.873 1.80522
1255.163 1.83245
1255.452 1.80723
1255.740 1.80494
1256.030 1.81953
1256.319 1.79118
1256.609 1.79624
1256.898 1.76764
1257.188 1.76963
1257.477 1.78254
1257.766 1.77339
1258.056 1.76569
1258.345 1.76291
1258.636 1.78029
1258.925 1.75861
1259.215 1.75902
1259.505 1.74516
1259.795 1.75696
1260.085 1.74457
1260.375 1.7227
1260.666 1.72643
1260.956 1.72454
1261.247 1.74065
1261.537 1.7216
1261.827 1.70563
1262.118 1.71109
1262.408 1.70813
1262.699 1.69353
1262.990 1.71315
1263.281 1.70152
1263.572 1.69424
1263.863 1.7029
1264.154 1.68006
1264.445 1.67022
1264.736 1.66878
1265.027 1.66307
1265.319 1.65363
1265.610 1.64348
1265.901 1.64617
1266.193 1.63669
1266.484 1.61984
1266.776 1.6088
1267.068 1.60613
1267.360 1.58914
1267.652 1.59109
1267.943 1.57774
1268.236 1.59917
1268.527 1.54698
1268.820 1.54882
1269.112 1.55016
1269.404 1.53858
1269.697 1.53312
1269.989 1.54314
1270.281 1.52283
1270.574 1.51193
1270.867 1.51498
1271.159 1.51496
1271.452 1.50652
1271.745 1.49772
1272.037 1.4777
1272.331 1.49288
1272.623 1.47479
1272.917 1.46269
1273.210 1.46328
1273.503 1.45716
1273.796 1.46001
1274.089 1.4464
1274.383 1.45102
1274.676 1.44942
1274.970 1.45904
1275.263 1.42873
1275.557 1.4352
1275.851 1.41291
1276.144 1.43114
1276.439 1.4154
1276.732 1.40753
1277.027 1.4244
1277.320 1.42787
1277.615 1.40973
1277.909 1.40421
1278.204 1.4047
1278.498 1.39903
1278.792 1.39993
1279.087 1.39867
1279.381 1.40632
1279.676 1.40919
1279.970 1.398
1280.266 1.39387
1280.560 1.38652
1280.855 1.38451
1281.150 1.39511
1281.445 1.38196
1281.740 1.38447
1282.035 1.37137
1282.331 1.39706
1282.626 1.40208
1282.922 1.37667
1283.217 1.37411
1283.512 1.37061
1283.808 1.38015
1284.103 1.37784
1284.399 1.36794
1284.695 1.3748
1284.991 1.37009
1285.287 1.38409
1285.582 1.38039
1285.879 1.38039
1286.175 1.36219
1286.471 1.37286
1286.767 1.38639
1287.064 1.37632
1287.360 1.38819
1287.656 1.38634
1287.953 1.37912
1288.249 1.37409
1288.546 1.3739
1288.843 1.38288
1289.140 1.39043
1289.437 1.38135
1289.733 1.37146
1290.031 1.38423
1290.327 1.39406
1290.625 1.37378
1290.922 1.38407
1291.219 1.38981
1291.516 1.40272
1291.814 1.39647
1292.112 1.40027
1292.409 1.38781
1292.707 1.39552
1293.004 1.40872
1293.302 1.40083
1293.600 1.38959
1293.897 1.39977
1294.196 1.3933
1294.494 1.40211
1294.792 1.40784
1295.090 1.41481
1295.389 1.41495
1295.687 1.40758
1295.985 1.40493
1296.283 1.41821
1296.582 1.42493
1296.881 1.41653
1297.179 1.42872
1297.478 1.43056
1297.777 1.43031
1298.075 1.43196
1298.375 1.42306
1298.673 1.44285
1298.973 1.44387
1299.271 1.43562
1299.571 1.4627
1299.870 1.45412
1300.169 1.44841
1300.469 1.46259
1300.768 1.47624
1301.068 1.47335
1301.367 1.47494
1301.667 1.47621
1301.967 1.4711
1302.266 1.47638
1302.567 1.47274
1302.866 1.46458
1303.167 1.48137
1303.467 1.48591
1303.767 1.47242
1304.067 1.47509
1304.367 1.47328
1304.668 1.47882
1304.968 1.46931
1305.269 1.49186
1305.569 1.48705
1305.870 1.47791
1306.171 1.46065
1306.471 1.45454
1306.772 1.44689
1307.073 1.45818
1307.375 1.44708
1307.675 1.44735
1307.977 1.43945
1308.278 1.45115
1308.579 1.44399
1308.880 1.44311
1309.182 1.44781
1309.483 1.43371
1309.785 1.42563
1310.087 1.41641
1310.388 1.40753
1310.689 1.40603
1310.992 1.40985
1311.293 1.39466
1311.596 1.39453
1311.897 1.40553
1312.200 1.37839
1312.502 1.39241
1312.804 1.38084
1313.107 1.36565
1313.409 1.3667
1313.711 1.36528
1314.014 1.37478
1314.317 1.3585
1314.619 1.35199
1314.922 1.35362
1315.225 1.34393
1315.527 1.34655
1315.831 1.34103
1316.133 1.3262
1316.437 1.33531
1316.740 1.33533
1317.043 1.32214
1317.346 1.32353
1317.649 1.31912
1317.953 1.31593
1318.256 1.32417
1318.560 1.32287
1318.864 1.31785
1319.167 1.32334
1319.471 1.31952
1319.775 1.32217
1320.079 1.32075
1320.383 1.3054
1320.687 1.31198
1320.991 1.31003
1321.295 1.30212
1321.600 1.31847
1321.904 1.31476
1322.209 1.29954
1322.513 1.31245
1322.818 1.3131
1323.122 1.32639
1323.427 1.31524
1323.732 1.3124
1324.036 1.32455
1324.342 1.3123
1324.646 1.29951
1324.952 1.32282
1325.256 1.32053
1325.562 1.30428
1325.867 1.31887
1326.172 1.3289
1326.478 1.3146
1326.783 1.32985
1327.089 1.34207
1327.394 1.33844
1327.700 1.33936
1328.006 1.34061
1328.312 1.34748
1328.618 1.35228
1328.923 1.35702
1329.230 1.35881
1329.535 1.35911
1329.842 1.35624
1330.148 1.36372
1330.455 1.36178
1330.761 1.37025
1331.067 1.37257
1331.374 1.3807
1331.680 1.37556
1331.987 1.38189
1332.294 1.3901
1332.601 1.39986
1332.907 1.39824
1333.214 1.38329
1333.521 1.37179
1333.828 1.39479
1334.136 1.39953
1334.443 1.37742
1334.750 1.39186
1335.057 1.38716
1335.365 1.3939
1335.672 1.3889
1335.980 1.38115
1336.288 1.38021
1336.595 1.37443
1336.904 1.37157
1337.211 1.37112
1337.519 1.35911
1337.827 1.36932
1338.135 1.37273
1338.443 1.36093
1338.751 1.36616
1339.060 1.36504
1339.368 1.35256
1339.676 1.35514
1339.985 1.35465
1340.293 1.34012
1340.603 1.34297
1340.911 1.341
1341.220 1.34055
1341.529 1.34443
1341.837 1.34564
1342.147 1.33251
1342.455 1.33016
1342.765 1.32769
1343.074 1.32752
1343.384 1.33278
1343.693 1.32716
1344.002 1.32413
1344.312 1.31422
1344.621 1.31436
1344.931 1.32299
1345.240 1.31697
1345.551 1.31304
1345.860 1.31348
1346.170 1.30783
1346.480 1.30304
1346.790 1.30731
1347.101 1.3177
1347.410 1.30329
1347.721 1.29711
1348.031 1.29822
1348.341 1.29846
1348.652 1.29313
1348.963 1.30881
1349.274 1.30427
1349.584 1.30195
1349.895 1.29247
1350.206 1.28407
1350.516 1.29809
1350.828 1.28382
1351.139 1.28142
1351.450 1.29237
1351.761 1.29688
1352.073 1.28341
1352.384 1.28125
1352.695 1.28931
1353.007 1.28117
1353.318 1.28391
1353.630 1.29653
1353.942 1.28592
1354.254 1.28831
1354.565 1.2913
1354.877 1.29059
1355.189 1.28609
1355.501 1.28103
1355.814 1.28479
1356.125 1.28778
1356.438 1.28015
1356.750 1.28528
1357.063 1.28168
1357.375 1.28068
1357.688 1.28203
1358.001 1.28457
1358.313 1.28541
1358.626 1.29125
1358.939 1.28891
1359.251 1.29424
1359.565 1.2984
1359.878 1.29821
1360.191 1.29172
1360.504 1.29227
1360.818 1.28628
1361.131 1.28973
1361.444 1.29242
1361.758 1.29856
1362.071 1.30542
1362.385 1.29718
1362.699 1.30048
1363.013 1.28294
1363.327 1.30038
1363.640 1.30217
1363.955 1.30075
1364.269 1.30406
1364.583 1.3072
1364.897 1.29719
1365.212 1.29347
1365.526 1.30615
1365.840 1.30979
1366.155 1.31269
1366.469 1.32156
1366.784 1.31232
1367.099 1.29995
1367.414 1.3071
1367.729 1.31321
1368.043 1.30363
1368.359 1.29997
1368.673 1.31316
1368.989 1.30815
1369.304 1.30548
1369.620 1.31129
1369.935 1.32471
1370.250 1.32219
1370.566 1.31958
1370.881 1.3254
1371.197 1.31897
1371.513 1.32155
1371.829 1.3192
1372.145 1.32496
1372.461 1.33032
1372.777 1.33557
1373.093 1.32986
1373.409 1.33582
1373.725 1.33372
1374.042 1.32799
1374.358 1.33998
1374.675 1.33498
1374.991 1.33866
1375.308 1.34107
1375.625 1.33925
1375.941 1.33514
1376.259 1.34521
1376.575 1.35171
1376.893 1.35043
1377.209 1.34636
1377.527 1.35401
1377.844 1.36688
1378.161 1.36675
1378.479 1.36589
1378.796 1.37287
1379.114 1.37888
1379.431 1.37545
1379.749 1.38166
1380.066 1.3797
1380.384 1.38358
1380.702 1.38581
1381.020 1.39253
1381.338 1.39643
1381.656 1.39454
1381.975 1.39221
1382.292 1.40372
1382.611 1.40705
1382.929 1.4139
1383.248 1.43012
1383.566 1.43069
1383.885 1.43846
1384.204 1.43861
1384.522 1.44026
1384.841 1.44141
1385.160 1.44727
1385.479 1.45249
1385.798 1.46404
1386.117 1.46211
1386.437 1.47568
1386.756 1.47587
1387.075 1.48707
1387.395 1.49429
1387.714 1.4961
1388.034 1.48937
1388.353 1.50271
1388.673 1.50609
1388.993 1.51419
1389.312 1.5268
1389.633 1.5217
1389.952 1.53841
1390.273 1.53715
1390.593 1.52926
1390.913 1.5487
1391.233 1.55818
1391.553 1.55105
1391.874 1.55328
1392.194 1.55373
1392.515 1.54844
1392.836 1.56996
1393.157 1.56342
1393.478 1.55837
1393.798 1.56003
1394.119 1.55687
1394.440 1.5443
1394.762 1.55275
1395.083 1.56871
1395.404 1.56191
1395.725 1.56129
1396.046 1.56709
1396.368 1.56165
1396.689 1.55823
1397.012 1.56551
1397.333 1.55148
1397.655 1.56096
1397.977 1.56758
1398.298 1.56843
1398.621 1.56936
1398.943 1.57158
1399.265 1.57111
1399.587 1.56922
1399.910 1.56181
1400.232 1.56112
1400.554 1.5649
1400.877 1.55202
1401.199 1.54647
1401.522 1.54559
1401.845 1.53211
1402.168 1.52962
1402.490 1.52758
1402.813 1.5208
1403.137 1.50542
1403.459 1.50932
1403.783 1.50489
1404.106 1.48145
1404.430 1.48397
1404.753 1.48325
1405.076 1.4759
1405.400 1.46645
1405.723 1.45755
1406.047 1.45378
1406.371 1.43238
1406.695 1.42563
1407.019 1.42048
1407.343 1.41019
1407.667 1.41491
1407.991 1.409
1408.316 1.40183
1408.640 1.3947
1408.964 1.39205
1409.289 1.37755
1409.613 1.38146
1409.938 1.37368
1410.262 1.36596
1410.587 1.35829
1410.912 1.35745
1411.237 1.34919
1411.562 1.34882
1411.887 1.34398
1412.212 1.33249
1412.537 1.32992
1412.863 1.33348
1413.188 1.31981
1413.514 1.31292
1413.839 1.32069
1414.164 1.30842
1414.490 1.30777
1414.816 1.30308
1415.142 1.30016
1415.467 1.29611
1415.794 1.29136
1416.120 1.29262
1416.445 1.28322
1416.772 1.28516
1417.098 1.28698
1417.425 1.29289
1417.751 1.28477
1418.078 1.2812
1418.404 1.27744
1418.730 1.27315
1419.057 1.27191
1419.384 1.26799
1419.711 1.26934
1420.038 1.25922
1420.365 1.26343
1420.692 1.26542
1421.019 1.25307
1421.346 1.24989
1421.673 1.25176
1422.001 1.2556
1422.328 1.26117
1422.656 1.25071
1422.984 1.24664
1423.312 1.24357
1423.639 1.24981
1423.967 1.2313
1424.295 1.23879
1424.623 1.24421
1424.951 1.23082
1425.279 1.2309
1425.608 1.23588
1425.936 1.23377
1426.265 1.23619
1426.593 1.236
1426.921 1.2296
1427.250 1.22348
1427.578 1.217
1427.907 1.21203
1428.236 1.21949
1428.565 1.22494
1428.894 1.21161
1429.223 1.21463
1429.552 1.21456
1429.881 1.21277
1430.211 1.21678
1430.540 1.21355
1430.870 1.2106
1431.199 1.20947
1431.528 1.21387
1431.858 1.20751
1432.188 1.20261
1432.518 1.20327
1432.847 1.2023
1433.178 1.19807
1433.507 1.19545
1433.837 1.19305
1434.168 1.19781
1434.498 1.19594
1434.829 1.18983
1435.159 1.19773
1435.490 1.18556
1435.820 1.18192
1436.150 1.17975
1436.481 1.18084
1436.812 1.18679
1437.143 1.18696
1437.474 1.18338
1437.805 1.17884
1438.136 1.18455
1438.467 1.18512
1438.799 1.17821
1439.130 1.17223
1439.461 1.1838
1439.792 1.17935
1440.125 1.17779
1440.456 1.1756
1440.787 1.17443
1441.120 1.18374
1441.451 1.17316
1441.783 1.16918
1442.115 1.17681
1442.448 1.17222
1442.779 1.1776
1443.111 1.17588
1443.444 1.17167
1443.776 1.16761
1444.109 1.16608
1444.441 1.16678
1444.774 1.16908
1445.107 1.16945
1445.439 1.16247
1445.773 1.16769
1446.105 1.16978
1446.439 1.16316
1446.771 1.16071
1447.105 1.15881
1447.438 1.16249
1447.771 1.15847
1448.105 1.15979
1448.438 1.16115
1448.772 1.16651
1449.105 1.16589
1449.439 1.15974
1449.773 1.16686
1450.106 1.15735
1450.441 1.16389
1450.774 1.16225
1451.109 1.16344
1451.443 1.16608
1451.777 1.16063
1452.111 1.1654
1452.445 1.15829
1452.780 1.16497
1453.115 1.16408
1453.450 1.16834
1453.784 1.16554
1454.119 1.16912
1454.454 1.16274
1454.788 1.17138
1455.124 1.17074
1455.459 1.15537
1455.794 1.1677
1456.129 1.16946
1456.465 1.16088
1456.800 1.15763
1457.135 1.15687
1457.471 1.15893
1457.806 1.16662
1458.143 1.1581
1458.478 1.16597
1458.814 1.15699
1459.150 1.1601
1459.486 1.156
1459.822 1.15361
1460.158 1.16681
1460.495 1.1608
1460.831 1.15994
1461.168 1.16225
1461.504 1.15561
1461.840 1.15588
1462.177 1.15097
1462.513 1.15451
1462.851 1.15924
1463.187 1.15688
1463.525 1.16343
1463.861 1.15827
1464.198 1.14742
1464.536 1.15134
1464.873 1.15612
1465.210 1.15285
1465.547 1.15756
1465.885 1.16294
1466.223 1.14984
1466.560 1.15477
1466.898 1.16233
1467.236 1.16039
1467.574 1.1537
1467.912 1.15754
1468.250 1.16086
1468.588 1.16642
1468.926 1.16057
1469.264 1.15963
1469.602 1.16529
1469.941 1.16755
1470.279 1.16534
1470.618 1.15947
1470.957 1.16839
1471.295 1.16331
1471.635 1.15662
1471.973 1.16516
1472.313 1.1719
1472.651 1.1564
1472.991 1.15664
1473.330 1.15628
1473.668 1.15966
1474.008 1.15903
1474.347 1.16486
1474.688 1.15954
1475.027 1.16321
1475.367 1.16007
1475.706 1.16649
1476.047 1.16868
1476.386 1.16834
1476.726 1.16881
1477.066 1.16839
1477.406 1.16495
1477.747 1.17413
1478.087 1.16516
1478.427 1.16303
1478.768 1.17279
1479.109 1.16527
1479.449 1.16965
1479.789 1.17234
1480.130 1.17036
1480.471 1.17552
1480.812 1.17535
1481.153 1.17589
1481.495 1.17809
1481.835 1.17948
1482.176 1.17813
1482.518 1.17517
1482.859 1.17759
1483.201 1.17574
1483.542 1.18508
1483.884 1.18344
1484.226 1.18396
1484.567 1.18704
1484.910 1.18089
1485.251 1.18967
1485.594 1.19091
1485.935 1.18264
1486.278 1.17998
1486.620 1.18528
1486.962 1.18658
1487.305 1.19052
1487.647 1.19139
1487.990 1.19347
1488.332 1.18801
1488.676 1.18842
1489.018 1.18779
1489.361 1.19053
1489.704 1.19663
1490.047 1.18989
1490.390 1.19464
1490.733 1.18563
1491.077 1.18896
1491.420 1.20121
1491.763 1.19445
1492.107 1.19358
1492.450 1.19983
1492.794 1.19804
1493.138 1.19893
1493.482 1.20986
1493.826 1.21124
1494.169 1.20253
1494.514 1.19874
1494.858 1.20885
1495.203 1.21723
1495.547 1.21842
1495.891 1.21794
1496.235 1.21477
1496.580 1.22412
1496.925 1.22577
1497.269 1.22543
1497.615 1.21889
1497.959 1.21321
1498.304 1.22622
1498.649 1.22641
1498.994 1.22191
1499.339 1.21966
1499.684 1.22733
1500.030 1.23377
1500.375 1.23617
1500.721 1.23084
1501.067 1.23446
1501.412 1.23401
1501.758 1.24337
1502.104 1.24023
1502.450 1.23275
1502.796 1.24224
1503.142 1.24102
1503.488 1.24606
1503.834 1.24497
1504.181 1.24383
1504.527 1.25226
1504.874 1.25172
1505.220 1.24244
1505.567 1.24301
1505.913 1.25419
1506.260 1.26021
1506.607 1.2494
1506.954 1.25592
1507.301 1.26062
1507.648 1.25805
1507.995 1.25629
1508.342 1.26536
1508.689 1.26641
1509.037 1.27171
1509.384 1.2761
1509.733 1.2738
1510.080 1.27578
1510.428 1.27894
1510.776 1.28086
1511.123 1.2882
1511.471 1.29116
1511.819 1.29377
1512.168 1.2906
1512.516 1.29526
1512.865 1.29082
1513.213 1.29324
1513.561 1.29499
1513.910 1.31074
1514.258 1.31593
1514.607 1.30921
1514.956 1.31493
1515.305 1.32403
1515.654 1.33314
1516.002 1.33333
1516.352 1.32828
1516.701 1.33685
1517.050 1.34638
1517.399 1.35205
1517.749 1.35823
1518.098 1.36746
1518.448 1.36668
1518.798 1.36614
1519.147 1.36694
1519.498 1.37658
1519.847 1.38157
1520.198 1.39162
1520.547 1.39953
1520.897 1.39745
1521.248 1.41681
1521.598 1.41606
1521.949 1.4351
1522.299 1.43833
1522.650 1.43931
1523.000 1.44279
1523.350 1.45577
1523.702 1.45839
1524.052 1.46574
1524.404 1.47282
1524.754 1.48383
1525.106 1.48822
1525.457 1.50136
1525.808 1.5099
1526.160 1.51324
1526.511 1.52451
1526.863 1.53326
1527.214 1.53905
1527.566 1.55044
1527.917 1.55297
1528.269 1.56531
1528.621 1.57792
1528.973 1.59358
1529.326 1.59881
1529.677 1.60063
1530.030 1.61246
1530.382 1.62542
1530.735 1.63885
1531.087 1.64302
1531.439 1.65846
1531.793 1.65071
1532.145 1.66519
1532.498 1.67828
1532.851 1.68655
1533.204 1.7015
1533.557 1.70876
1533.911 1.71903
1534.264 1.73086
1534.616 1.74645
1534.970 1.75211
1535.323 1.76126
1535.678 1.76644
1536.031 1.78873
1536.385 1.79842
1536.739 1.80695
1537.092 1.81471
1537.446 1.81181
1537.800 1.83312
1538.155 1.85034
1538.509 1.86329
1538.863 1.87861
1539.217 1.89208
1539.572 1.89796
1539.927 1.91265
1540.281 1.92134
1540.636 1.92428
1540.990 1.92005
1541.346 1.93849
1541.700 1.95952
1542.055 1.95534
1542.411 1.9902
1542.765 1.97369
1543.121 1.98439
1543.476 1.98849
1543.832 2.00008
1544.187 1.99502
1544.542 2.00223
1544.899 2.00148
1545.254 2.00144
1545.610 2.004
1545.966 1.9983
1546.323 1.97935
1546.678 1.97258
1547.034 1.97566
1547.391 1.9609
1547.747 1.94026
1548.104 1.94119
1548.460 1.92517
1548.817 1.91766
1549.173 1.89713
1549.530 1.89083
1549.887 1.86918
1550.243 1.8532
1550.601 1.83021
1550.958 1.82131
1551.315 1.81573
1551.672 1.80656
1552.029 1.79184
1552.387 1.7588
1552.744 1.7465
1553.102 1.73309
1553.459 1.70542
1553.818 1.68922
1554.175 1.67442
1554.533 1.65845
1554.891 1.65689
1555.249 1.63388
1555.607 1.61927
1555.965 1.60298
1556.324 1.58451
1556.682 1.57564
1557.040 1.55454
1557.399 1.54568
1557.758 1.53491
1558.117 1.52763
1558.475 1.51792
1558.835 1.49382
1559.193 1.48406
1559.552 1.48031
1559.912 1.46954
1560.270 1.46403
1560.630 1.45238
1560.989 1.43606
1561.349 1.43033
1561.708 1.42087
1562.068 1.41807
1562.428 1.39788
1562.787 1.39648
1563.148 1.39123
1563.507 1.39
1563.868 1.37783
1564.228 1.37275
1564.587 1.36285
1564.948 1.35048
1565.308 1.34855
1565.669 1.34825
1566.029 1.34141
1566.391 1.33971
1566.751 1.33213
1567.111 1.32583
1567.473 1.32766
1567.833 1.31147
1568.195 1.30448
1568.556 1.31083
1568.917 1.31116
1569.278 1.30579
1569.639 1.29467
1570.001 1.28765
1570.362 1.2821
1570.724 1.2785
1571.086 1.27301
1571.448 1.27206
1571.810 1.27109
1572.171 1.26471
1572.534 1.26821
1572.896 1.26012
1573.258 1.25542
1573.620 1.25714
1573.983 1.24137
1574.345 1.2477
1574.707 1.24567
1575.070 1.23973
1575.433 1.23586
1575.796 1.2351
1576.158 1.22889
1576.522 1.22733
1576.885 1.23246
1577.247 1.22348
1577.611 1.22463
1577.974 1.22925
1578.338 1.21702
1578.701 1.21333
1579.065 1.21237
1579.428 1.21663
1579.792 1.20922
1580.156 1.21074
1580.519 1.20765
1580.884 1.20505
1581.248 1.20685
1581.612 1.20148
1581.976 1.20273
1582.340 1.19922
1582.705 1.19777
1583.069 1.20112
1583.434 1.1926
1583.798 1.19682
1584.164 1.19326
1584.528 1.19
1584.892 1.18856
1585.258 1.18872
1585.623 1.19227
1585.988 1.18744
1586.353 1.18765
1586.719 1.18398
1587.084 1.18622
1587.450 1.17608
1587.815 1.1754
1588.180 1.17556
1588.547 1.18331
1588.912 1.17821
1589.279 1.1756
1589.644 1.17594
1590.011 1.17494
1590.376 1.17296
1590.743 1.17126
1591.109 1.17597
1591.475 1.17473
1591.842 1.17545
1592.208 1.17656
1592.575 1.17545
1592.942 1.18124
1593.309 1.17764
1593.676 1.17286
1594.042 1.1724
1594.410 1.16994
1594.777 1.16336
1595.145 1.16632
1595.511 1.16683
1595.879 1.16757
1596.247 1.16974
1596.614 1.17427
1596.982 1.17604
1597.349 1.17254
1597.718 1.17215
1598.085 1.17235
1598.454 1.16675
1598.821 1.17067
1599.189 1.168
1599.558 1.17026
1599.926 1.1653
1600.295 1.16664
1600.663 1.16478
1601.032 1.17028
1601.401 1.16721
1601.769 1.17077
1602.138 1.16706
1602.507 1.17288
1602.876 1.16984
1603.245 1.1712
1603.615 1.1719
1603.984 1.16894
1604.353 1.16159
1604.723 1.16319
1605.092 1.16562
1605.462 1.17023
1605.831 1.16198
1606.202 1.16748
1606.571 1.17004
1606.941 1.16657
1607.311 1.16457
1607.681 1.16446
1608.052 1.16279
1608.422 1.16225
1608.793 1.16611
1609.163 1.16936
1609.533 1.1649
1609.904 1.16074
1610.274 1.16461
1610.646 1.16438
1611.016 1.16588
1611.388 1.15849
1611.758 1.15776
1612.129 1.16463
1612.501 1.16537
1612.872 1.16437
1613.244 1.16298
1613.615 1.16551
1613.987 1.16536
1614.358 1.16195
1614.730 1.16077
1615.102 1.16786
1615.474 1.1672
1615.846 1.16334
1616.218 1.16085
1616.591 1.15813
1616.962 1.15605
1617.334 1.16352
1617.707 1.16319
1618.080 1.16233
1618.453 1.16295
1618.825 1.16202
1619.198 1.16641
1619.571 1.16966
1619.943 1.15894
1620.317 1.16077
1620.690 1.16469
1621.063 1.15847
1621.436 1.16092
1621.810 1.16309
1622.183 1.16452
1622.557 1.16233
1622.931 1.16089
1623.304 1.15696
1623.678 1.16136
1624.052 1.16803
1624.426 1.15969
1624.800 1.16055
1625.174 1.15995
1625.549 1.16244
1625.923 1.15942
1626.297 1.15784
1626.672 1.16233
1627.047 1.16765
1627.421 1.16489
1627.795 1.16303
1628.171 1.16483
1628.545 1.16031
1628.921 1.16263
1629.296 1.16486
1629.671 1.16545
1630.046 1.16553
1630.421 1.16129
1630.797 1.1619
1631.172 1.1685
1631.548 1.17137
1631.924 1.16867
1632.300 1.17291
1632.676 1.16576
1633.051 1.16595
1633.428 1.16664
1633.804 1.1699
1634.180 1.17479
1634.556 1.16744
1634.933 1.16852
1635.309 1.16741
1635.686 1.16903
1636.063 1.17032
1636.439 1.16605
1636.816 1.16088
1637.193 1.16145
1637.571 1.1623
1637.947 1.16364
1638.324 1.16065
1638.702 1.16098
1639.079 1.16221
1639.457 1.1656
1639.834 1.155
1640.212 1.15582
1640.589 1.15009
1640.967 1.14731
1641.345 1.14002
1641.723 1.14114
1642.101 1.13619
1642.479 1.13715
1642.858 1.13143
1643.236 1.13401
1643.614 1.12849
1643.993 1.1251
1644.371 1.12729
1644.750 1.11913
1645.129 1.11887
1645.508 1.12113
1645.887 1.11341
1646.266 1.11303
1646.645 1.12007
1647.024 1.12289
1647.403 1.10873
1647.782 1.11298
1648.162 1.11572
1648.542 1.11243
1648.922 1.1138
1649.301 1.11551
1649.681 1.10999
1650.061 1.11052
1650.440 1.10824
1650.821 1.11488
1651.201 1.10922
1651.582 1.10992
1651.962 1.11184
1652.343 1.10967
1652.723 1.1096
1653.103 1.11025
1653.484 1.10897
1653.864 1.11237
1654.246 1.10807
1654.626 1.10658
1655.008 1.11038
1655.389 1.11246
1655.769 1.11262
1656.151 1.11166
1656.532 1.10948
1656.914 1.11072
1657.295 1.11216
1657.678 1.11559
1658.059 1.10936
1658.440 1.11237
1658.823 1.11069
1659.204 1.11119
1659.587 1.11161
1659.969 1.10856
1660.352 1.10955
1660.734 1.10696
1661.116 1.10725
1661.499 1.11209
1661.881 1.10913
1662.264 1.10686
1662.646 1.10659
1663.030 1.10239
1663.412 1.1062
1663.795 1.10375
1664.179 1.106
1664.562 1.1008
1664.946 1.10023
1665.328 1.10032
1665.713 1.10187
1666.096 1.10449
1666.479 1.09685
1666.863 1.09168
1667.247 1.09759
1667.631 1.09641
1668.015 1.08867
1668.399 1.08074
1668.783 1.08668
1669.167 1.08233
1669.552 1.07825
1669.936 1.08082
1670.321 1.07781
1670.706 1.07529
1671.091 1.07465
1671.475 1.06748
1671.860 1.06997
1672.245 1.06631
1672.630 1.06767
1673.016 1.06419
1673.401 1.05974
1673.786 1.05511
1674.172 1.0594
1674.557 1.0496
1674.943 1.0519
1675.328 1.05393
1675.714 1.04853
1676.100 1.05452
1676.486 1.04422
1676.872 1.04027
1677.258 1.04423
1677.645 1.04256
1678.031 1.04088
1678.417 1.03474
1678.804 1.03503
1679.191 1.03501
1679.577 1.02834
1679.964 1.03112
1680.351 1.0263
1680.737 1.02094
1681.125 1.02444
1681.512 1.01951
1681.899 1.02032
1682.286 1.01846
1682.673 1.02058
1683.061 1.01572
1683.449 1.01897
1683.837 1.00929
1684.224 1.00949
1684.613 1.01712
1685.000 1.01197
1685.388 1.00118
1685.776 1.00308
1686.164 1.00714
1686.553 1.00669
1686.941 1.01427
1687.330 1.00977
1687.718 1.00334
1688.106 1.00276
1688.496 1.00475
1688.884 1.00367
1689.274 1.00643
1689.662 1.00975
1690.052 1.00017
1690.441 0.999222
1690.830 1.00607
1691.219 1.00056
1691.609 1.00572
1691.999 1.0046
1692.388 1.0067
1692.778 1.00805
1693.167 1.00189
1693.557 1.00091
1693.948 1.00771
1694.337 0.999624
1694.728 0.997072
1695.118 1.00545
1695.509 1.00793
1695.899 1.00557
1696.289 0.99281
1696.680 0.99618
1697.070 1.00607
1697.462 0.999173
1697.852 1.00215
1698.244 1.00679
1698.634 1.00169
1699.025 1.00342
1699.417 1.00068
1699.808 1.00024
1700.200 0.998694
1700.591 1.00478
1700.983 1.00762
1701.375 1.00465
1701.766 1.00314
1702.158 1.00353
1702.550 1.00384
1702.943 1.00063
1703.334 1.00243
1703.727 1.00789
1704.119 1.0104
1704.511 1.00981
1704.904 1.0095
1705.296 1.00654
1705.689 1.00826
1706.082 1.01376
1706.475 1.00714
1706.868 1.00832
1707.261 1.01411
1707.654 1.00801
1708.047 1.00687
1708.441 1.0138
1708.834 1.01821
1709.228 1.0142
1709.621 1.0162
1710.016 1.01668
1710.409 1.01783
1710.803 1.01932
1711.197 1.01163
1711.591 1.0128
1711.985 1.01917
1712.379 1.02583
1712.774 1.023
1713.168 1.02446
1713.563 1.01993
1713.957 1.01869
1714.351 1.01994
1714.747 1.01814
1715.141 1.01823
1715.537 1.02227
1715.931 1.02234
1716.327 1.02135
1716.722 1.02361
1717.117 1.02434
1717.513 1.02095
1717.908 1.01988
1718.304 1.01921
1718.699 1.0199
1719.096 1.02454
1719.491 1.02211
1719.887 1.01607
1720.283 1.01951
1720.679 1.01607
1721.076 1.01968
1721.472 1.01954
1721.869 1.0265
1722.265 1.01941
1722.661 1.02675
1723.058 1.01733
1723.455 1.01601
1723.852 1.01581
1724.249 1.01831
1724.646 1.01927
1725.043 1.01801
1725.440 1.01302
1725.838 1.01754
1726.235 1.01912
1726.633 1.01555
1727.030 1.01058
1727.428 1.01518
1727.826 1.01234
1728.223 1.01748
1728.622 1.01256
1729.020 1.01218
1729.418 1.01876
1729.816 1.01051
1730.215 1.00675
1730.613 1.01002
1731.011 1.00724
1731.410 1.00999
1731.809 1.00596
1732.208 1.00422
1732.606 1.00727
1733.006 1.01128
1733.405 1.00835
1733.803 1.00873
1734.203 1.0095
1734.602 1.01178
1735.002 1.0096
1735.401 1.00657
1735.801 1.00932
1736.201 1.00835
1736.600 1.00994
1737.001 1.00817
1737.400 1.00792
1737.801 1.012
1738.201 1.01382
1738.601 1.0123
1739.001 1.00876
1739.401 1.01609
1739.803 1.00966
1740.203 1.01281
1740.604 1.01814
1741.005 1.02072
1741.406 1.01325
1741.807 1.01642
1742.207 1.02006
1742.609 1.02298
1743.010 1.02258
1743.412 1.02351
1743.813 1.02163
1744.215 1.02007
1744.616 1.02085
1745.018 1.02006
1745.420 1.02363
1745.822 1.02436
1746.224 1.02041
1746.626 1.0253
1747.029 1.02825
1747.431 1.02381
1747.833 1.02346
1748.236 1.02527
1748.638 1.02188
1749.041 1.02005
1749.443 1.01645
1749.847 1.02429
1750.249 1.01749
1750.652 1.01694
1751.056 1.01805
1751.458 1.01561
1751.862 1.01101
1752.265 1.01028
1752.669 1.00331
1753.073 1.00485
1753.476 1.001
1753.880 1.00213
1754.284 1.00732
1754.688 1.00374
1755.092 1.00195
1755.497 1.00007
1755.901 0.990784
1756.304 0.995663
1756.709 1.00016
1757.114 0.993023
1757.519 0.990931
1757.923 0.990587
1758.329 0.986724
1758.733 0.985579
1759.138 0.990554
1759.543 0.992295
1759.948 0.990798
1760.354 0.986526
1760.759 0.98249
1761.165 0.98362
1761.570 0.985722
1761.975 0.98434
1762.382 0.974172
1762.787 0.980944
1763.194 0.980671
1763.599 0.98105
1764.006 0.980629
1764.412 0.975924
1764.818 0.981343
1765.224 0.98063
1765.631 0.97537
1766.038 0.975251
1766.444 0.978601
1766.851 0.979267
1767.258 0.976523
1767.664 0.979766
1768.072 0.977015
1768.479 0.971989
1768.886 0.969463
1769.293 0.968898
1769.701 0.972319
1770.109 0.971715
1770.517 0.975889
1770.924 0.97588
1771.331 0.97207
1771.740 0.969291
1772.147 0.971734
1772.556 0.970672
1772.964 0.970572
1773.373 0.975516
1773.781 0.972292
1774.190 0.97332
1774.598 0.967156
1775.006 0.965492
1775.416 0.969988
1775.824 0.966406
1776.233 0.96524
1776.642 0.964336
1777.052 0.972554
1777.461 0.972888
1777.869 0.969729
1778.279 0.970255
1778.688 0.972811
1779.099 0.968562
1779.508 0.970225
1779.918 0.971303
1780.328 0.975803
1780.737 0.977755
1781.148 0.975751
1781.558 0.973986
1781.969 0.983971
1782.378 0.972477
1782.790 0.976074
1783.200 0.980932
1783.610 0.97993
1784.021 0.982186
1784.432 0.974921
1784.843 0.978364
1785.254 0.982588
1785.665 0.979109
1786.076 0.974216
1786.487 0.976709
1786.899 0.977437
1787.310 0.97755
1787.722 0.973054
1788.133 0.970857
1788.546 0.973594
1788.957 0.972902
1789.369 0.971255
1789.781 0.975828
1790.193 0.970035
1790.606 0.971965
1791.018 0.967462
1791.431 0.966805
1791.843 0.961793
1792.255 0.958691
1792.668 0.962668
1793.081 0.95829
1793.494 0.95551
1793.907 0.955845
1794.321 0.950842
1794.733 0.952838
1795.146 0.954421
1795.560 0.951334
1795.973 0.955229
1796.387 0.950567
1796.801 0.951305
1797.215 0.945545
1797.629 0.946603
1798.042 0.94741
1798.457 0.949112
1798.870 0.947607
1799.285 0.953429
1799.699 0.948855
1800.114 0.94669
1800.528 0.942862
1800.943 0.943697
1801.358 0.941159
1801.772 0.946647
1802.188 0.947185
1802.602 0.940258
1803.018 0.940107
1803.433 0.942885
1803.848 0.940678
1804.264 0.948456
1804.679 0.946392
1805.095 0.950823
1805.510 0.949733
1805.926 0.947334
1806.342 0.948857
1806.757 0.945392
1807.174 0.949609
1807.590 0.946367
1808.007 0.946974
1808.422 0.948159
1808.839 0.952984
1809.256 0.954121
1809.672 0.949519
1810.089 0.951764
1810.506 0.951726
1810.923 0.953281
1811.340 0.952495
1811.757 0.949578
1812.174 0.956443
1812.591 0.955189
1813.009 0.950458
1813.426 0.950577
1813.844 0.954543
1814.261 0.95017
1814.680 0.953167
1815.097 0.950526
1815.515 0.948147
1815.934 0.951132
1816.351 0.950301
1816.770 0.94984
1817.188 0.946791
1817.607 0.959553
1818.025 0.950065
1818.444 0.949718
1818.863 0.95156
1819.281 0.949341
1819.701 0.954725
1820.119 0.948492
1820.539 0.951084
1820.958 0.950752
1821.377 0.946056
1821.797 0.946748
1822.216 0.942353
1822.636 0.950211
1823.055 0.946964
1823.476 0.944245
1823.895 0.943465
1824.315 0.943532
1824.736 0.93854
1825.155 0.946899
1825.576 0.937113
1825.996 0.939922
1826.417 0.943277
1826.838 0.943971
1827.258 0.936601
1827.679 0.942115
1828.100 0.941866
1828.521 0.939931
1828.942 0.943992
1829.364 0.941511
1829.784 0.936783
1830.205 0.940944
1830.627 0.945366
1831.048 0.944783
1831.471 0.94491
1831.892 0.940665
1832.314 0.941427
1832.736 0.947171
1833.159 0.952483
1833.580 0.95274
1834.002 0.952133
1834.425 0.951238
1834.847 0.950876
1835.270 0.956598
1835.692 0.948703
1836.116 0.956418
1836.538 0.959647
1836.961 0.95507
1837.384 0.957891
1837.807 0.951654
1838.231 0.962247
1838.654 0.956484
1839.078 0.9548
1839.501 0.963095
1839.925 0.967673
1840.348 0.967211
1840.771 0.962791
1841.196 0.97143
1841.620 0.972985
1842.044 0.971323
1842.468 0.975437
1842.893 0.977377
1843.317 0.973226
1843.741 0.970888
1844.166 0.978846
1844.590 0.983472
1845.016 0.977702
1845.440 0.98493
1845.866 0.986118
1846.290 0.987552
1846.715 0.992393
1847.141 0.987819
1847.566 0.997237
1847.992 0.995358
1848.417 0.993512
1848.843 1.00213
1849.268 1.00518
1849.694 1.0035
1850.120 1.0064
1850.546 1.00452
1850.973 1.00632
1851.399 1.01373
1851.825 1.00996
1852.251 1.0143
1852.678 1.01139
1853.105 1.01913
1853.531 1.02305
1853.958 1.02318
1854.385 1.02152
1854.813 1.01897
1855.239 1.01884
1855.666 1.02681
1856.094 1.0221
1856.521 1.02004
1856.949 1.02445
1857.376 1.02442
1857.805 1.02724
1858.232 1.03035
1858.660 1.02575
1859.088 1.02621
1859.516 1.02893
1859.945 1.03088
1860.373 1.02268
1860.802 1.02873
1861.230 1.03174
1861.658 1.02957
1862.087 1.02135
1862.515 1.02687
1862.945 1.03684
1863.374 1.0296
1863.803 1.02915
1864.232 1.02396
1864.661 1.02648
1865.091 1.02028
1865.520 1.01989
1865.950 1.01942
1866.379 1.02028
1866.810 1.03016
1867.239 1.01747
1867.669 1.01762
1868.099 1.02297
1868.529 1.01966
1868.960 1.01553
1869.390 1.02136
1869.821 1.02403
1870.251 1.02138
1870.681 1.01666
1871.113 1.02177
1871.543 1.01882
1871.975 1.01653
1872.406 1.01808
1872.837 1.02271
1873.268 1.02674
1873.699 1.02761
1874.131 1.0252
1874.562 1.03065
1874.995 1.02736
1875.426 1.02694
1875.858 1.03415
1876.290 1.03663
1876.721 1.03935
1877.154 1.04707
1877.586 1.04254
1878.019 1.04218
1878.451 1.04872
1878.884 1.05019
1879.317 1.05347
1879.749 1.05829
1880.182 1.05793
1880.615 1.05667
1881.049 1.07001
1881.481 1.06776
1881.915 1.07613
1882.348 1.08224
1882.781 1.08076
1883.215 1.08564
1883.648 1.08526
1884.083 1.09436
1884.516 1.09856
1884.951 1.09867
1885.385 1.11088
1885.818 1.11695
1886.253 1.12378
1886.687 1.11995
1887.122 1.12622
1887.556 1.13085
1887.991 1.13877
1888.426 1.14276
1888.860 1.14617
1889.296 1.1487
1889.730 1.15774
1890.166 1.15831
1890.601 1.1635
1891.037 1.16873
1891.472 1.1756
1891.907 1.1772
1892.343 1.17988
1892.779 1.18564
1893.215 1.18496
1893.651 1.18782
1894.087 1.19205
1894.523 1.18826
1894.959 1.18775
1895.396 1.19555
1895.832 1.19846
1896.269 1.19492
1896.705 1.19891
1897.143 1.20301
1897.579 1.20124
1898.016 1.20104
1898.453 1.21252
1898.890 1.21105
1899.328 1.20863
1899.765 1.21615
1900.203 1.21835
1900.640 1.2208
1901.078 1.23301
1901.516 1.23034
1901.953 1.23064
1902.392 1.23615
1902.829 1.24381
1903.268 1.24639
1903.706 1.24454
1904.145 1.25435
1904.583 1.25323
1905.022 1.25362
1905.461 1.25444
1905.899 1.25389
1906.338 1.26005
1906.777 1.26905
1907.217 1.2593
1907.655 1.2593
1908.095 1.24376
1908.534 1.23985
1908.973 1.24475
1909.414 1.23481
1909.853 1.22988
1910.293 1.21994
1910.733 1.21826
1911.173 1.20774
1911.613 1.20062
1912.053 1.19317
1912.494 1.19588
1912.934 1.18566
1913.375 1.17357
1913.815 1.17538
1914.256 1.16413
1914.697 1.15252
1915.137 1.14726
1915.579 1.14356
1916.019 1.13263
1916.461 1.12264
1916.902 1.12058
1917.344 1.11635
1917.785 1.10698
1918.226 1.09926
1918.669 1.09702
1919.110 1.09483
1919.553 1.08373
1919.994 1.0738
1920.437 1.06689
1920.879 1.06875
1921.321 1.06015
1921.764 1.06007
1922.206 1.05658
1922.649 1.05309
1923.091 1.04324
1923.535 1.03794
1923.977 1.03738
1924.420 1.03052
1924.864 1.02417
1925.307 1.02148
1925.750 1.02304
1926.193 1.01722
1926.638 1.00736
1927.081 1.00166
1927.524 1.00369
1927.969 0.998294
1928.412 1.00022
1928.857 1.00099
1929.301 0.989248
1929.746 0.984232
1930.189 0.979657
1930.634 0.977465
1931.079 0.972701
1931.523 0.968546
1931.968 0.96309
1932.413 0.965906
1932.858 0.962632
1933.303 0.954835
1933.748 0.95154
1934.194 0.952357
1934.639 0.949439
1935.085 0.946569
1935.530 0.94142
1935.976 0.937268
1936.422 0.934399
1936.867 0.925493
1937.314 0.927705
1937.760 0.937085
1938.206 0.931517
1938.652 0.918001
1939.099 0.924835
1939.545 0.923076
1939.992 0.917965
1940.439 0.917401
1940.885 0.917639
1941.333 0.911492
1941.779 0.911024
1942.227 0.907512
1942.674 0.914411
1943.121 0.906702
1943.569 0.905215
1944.016 0.902654
1944.464 0.901468
1944.912 0.898378
1945.360 0.901545
1945.808 0.901779
1946.255 0.898318
1946.704 0.903648
1947.152 0.896324
1947.601 0.896566
1948.049 0.892844
1948.498 0.893433
1948.947 0.891043
1949.395 0.886048
1949.844 0.891369
1950.293 0.886418
1950.743 0.890074
1951.192 0.890041
1951.641 0.88571
1952.090 0.883823
1952.539 0.881011
1952.990 0.878414
1953.439 0.884684
1953.889 0.872407
1954.339 0.872538
1954.790 0.870669
1955.239 0.874871
1955.689 0.875323
1956.140 0.878369
1956.590 0.874902
1957.041 0.866158
1957.491 0.867504
1957.943 0.867921
1958.393 0.86566
1958.844 0.863483
1959.296 0.861454
1959.746 0.863638
1960.198 0.858803
1960.649 0.865495
1961.101 0.858809
1961.552 0.857048
1962.004 0.856214
1962.456 0.852401
1962.908 0.85878
1963.360 0.848846
1963.812 0.848702
1964.265 0.847176
1964.717 0.847016
1965.169 0.849311
1965.622 0.843168
1966.074 0.843654
1966.527 0.841628
1966.980 0.842508
1967.433 0.848969
1967.886 0.8456
1968.339 0.842401
1968.792 0.842049
1969.245 0.840028
1969.699 0.840535
1970.153 0.842904
1970.607 0.837339
1971.060 0.832986
1971.515 0.83985
1971.968 0.841342
1972.422 0.835035
1972.877 0.84005
1973.331 0.833817
1973.786 0.836791
1974.240 0.837962
1974.695 0.832564
1975.149 0.833867
1975.605 0.832197
1976.059 0.835873
1976.514 0.834277
1976.970 0.83577
1977.424 0.830716
1977.880 0.831958
1978.335 0.834044
1978.792 0.834609
1979.247 0.831679
1979.702 0.836773
1980.159 0.835807
1980.614 0.838766
1981.071 0.836346
1981.527 0.834041
1981.984 0.833954
1982.440 0.831729
1982.896 0.834216
1983.353 0.832223
1983.809 0.831786
1984.267 0.833057
1984.723 0.830678
1985.181 0.831626
1985.637 0.835462
1986.094 0.832246
1986.552 0.831472
1987.009 0.829814
1987.467 0.829462
1987.925 0.834168
1988.383 0.831849
1988.841 0.833247
1989.298 0.833486
1989.757 0.837064
1990.214 0.834337
1990.673 0.833116
1991.131 0.834315
1991.591 0.831062
1992.049 0.830381
1992.507 0.83297
1992.966 0.83167
1993.425 0.829076
1993.885 0.831652
1994.343 0.827282
1994.803 0.829237
1995.262 0.835781
1995.721 0.834511
1996.181 0.83496
1996.641 0.835555
1997.101 0.836274
1997.560 0.829505
1998.021 0.828726
1998.481 0.831693
1998.940 0.834619
1999.401 0.830205
1999.861 0.827223
2000.323 0.825998
2000.783 0.826931
2001.244 0.829051
2001.704 0.826431
2002.165 0.830512
2002.627 0.826924
2003.087 0.821393
2003.549 0.822805
2004.010 0.823691
2004.472 0.821531
2004.933 0.823655
2005.395 0.824826
2005.857 0.823885
2006.318 0.82163
2006.781 0.820911
2007.243 0.821467
2007.706 0.820252
2008.167 0.822716
2008.630 0.82188
2009.093 0.8208
2009.555 0.818598
2010.018 0.819656
2010.481 0.819934
2010.944 0.817521
2011.407 0.816753
2011.870 0.816446
2012.334 0.81653
2012.797 0.815152
2013.261 0.815148
2013.724 0.812513
2014.188 0.808265
2014.651 0.815487
2015.115 0.814345
2015.580 0.811007
2016.043 0.81182
2016.508 0.812971
2016.972 0.816017
2017.437 0.806856
2017.901 0.811613
2018.366 0.81076
2018.831 0.809934
2019.295 0.809654
2019.761 0.809065
2020.226 0.806053
2020.692 0.804391
2021.156 0.80943
2021.621 0.805464
2022.088 0.807604
2022.553 0.807065
2023.019 0.808284
2023.484 0.8059
2023.951 0.813337
2024.417 0.804503
2024.882 0.808364
2025.349 0.807673
2025.815 0.807075
2026.282 0.804666
2026.749 0.805506
2027.216 0.809671
2027.682 0.804584
2028.149 0.805376
2028.616 0.807472
2029.083 0.80213
2029.551 0.807075
2030.018 0.808136
2030.486 0.805233
2030.953 0.811515
2031.420 0.807578
2031.889 0.805671
2032.357 0.805824
2032.825 0.803913
2033.293 0.808812
2033.761 0.805085
2034.229 0.804558
2034.697 0.807787
2035.167 0.806136
2035.636 0.803922
2036.104 0.802662
2036.573 0.808483
2037.042 0.808597
2037.511 0.807604
2037.979 0.804881
2038.449 0.807769
2038.920 0.804251
2039.389 0.807655
2039.858 0.809799
2040.328 0.803683
2040.797 0.805215
2041.267 0.805091
2041.738 0.808791
2042.208 0.81046
2042.678 0.809045
2043.148 0.810775
2043.619 0.809003
2044.089 0.80588
2044.560 0.805535
2045.031 0.810723
2045.503 0.805387
2045.973 0.807602
2046.444 0.811612
2046.916 0.805085
2047.387 0.808627
2047.858 0.814221
2048.330 0.809399
2048.802 0.811316
2049.274 0.808697
2049.745 0.810802
2050.218 0.815009
2050.689 0.810964
2051.161 0.811418
2051.634 0.807172
2052.107 0.814667
2052.579 0.813045
2053.052 0.814809
2053.525 0.812799
2053.998 0.820286
2054.470 0.820812
2054.944 0.815961
2055.417 0.817895
2055.890 0.81862
2056.363 0.820114
2056.838 0.820046
2057.311 0.82401
2057.784 0.822239
2058.259 0.818383
2058.733 0.823009
2059.207 0.827574
2059.680 0.826766
2060.156 0.827049
2060.629 0.828141
2061.104 0.832003
2061.579 0.829654
2062.054 0.830415
2062.529 0.827529
2063.003 0.829632
2063.479 0.830671
2063.953 0.83432
2064.429 0.833361
2064.904 0.831502
2065.380 0.827697
2065.855 0.83084
2066.331 0.83483
2066.807 0.835063
2067.283 0.832134
2067.760 0.834737
2068.235 0.832753
2068.712 0.831425
2069.188 0.829662
2069.664 0.830874
2070.141 0.833757
2070.617 0.835859
2071.095 0.831377
2071.572 0.834371
2072.049 0.833539
2072.526 0.828427
2073.003 0.832172
2073.481 0.826013
2073.958 0.825324
2074.436 0.829959
2074.913 0.83003
2075.392 0.831331
2075.869 0.830545
2076.347 0.829499
2076.825 0.831143
2077.303 0.827018
2077.782 0.828215
2078.260 0.828838
2078.740 0.829781
2079.218 0.825724
2079.696 0.824577
2080.176 0.822139
2080.654 0.828336
2081.134 0.825666
2081.613 0.827944
2082.093 0.82331
2082.572 0.820449
2083.051 0.821279
2083.531 0.826153
2084.010 0.818356
2084.491 0.819691
2084.970 0.818047
2085.451 0.816249
2085.931 0.81289
2086.411 0.816313
2086.892 0.816467
2087.372 0.818058
2087.854 0.813846
2088.334 0.812214
2088.815 0.810426
2089.296 0.81143
2089.776 0.810568
2090.258 0.81121
2090.739 0.814774
2091.221 0.807167
2091.702 0.808016
2092.185 0.809023
2092.666 0.806515
2093.147 0.810302
2093.630 0.803806
2094.112 0.804803
2094.595 0.804493
2095.077 0.801841
2095.560 0.805297
2096.042 0.798887
2096.524 0.803256
2097.007 0.802525
2097.490 0.802997
2097.973 0.80362
2098.456 0.802242
2098.940 0.801283
2099.423 0.794937
2099.906 0.800668
2100.390 0.79462
2100.873 0.794168
2101.358 0.796103
2101.841 0.797606
2102.326 0.796622
2102.810 0.794758
2103.293 0.791744
2103.778 0.796241
2104.262 0.791543
2104.747 0.794039
2105.232 0.791297
2105.717 0.790156
2106.201 0.79374
2106.686 0.789025
2107.172 0.790284
2107.658 0.790911
2108.143 0.788751
2108.628 0.788096
2109.114 0.791481
2109.599 0.784596
2110.084 0.78351
2110.571 0.783731
2111.058 0.783999
2111.543 0.781917
2112.029 0.784133
2112.516 0.782981
2113.002 0.780799
2113.488 0.781663
2113.976 0.778824
2114.463 0.777922
2114.949 0.779174
2115.436 0.777628
2115.924 0.777885
2116.410 0.77916
2116.897 0.777318
2117.385 0.775902
2117.874 0.766615
2118.361 0.768523
2118.848 0.768828
2119.337 0.770251
2119.824 0.769391
2120.312 0.765726
2120.801 0.769182
2121.290 0.765249
2121.778 0.767113
2122.266 0.762778
2122.756 0.7628
2123.244 0.765967
2123.732 0.759524
2124.222 0.763162
2124.712 0.761859
2125.201 0.759538
2125.690 0.763628
2126.180 0.759828
2126.669 0.76043
2127.158 0.761304
2127.649 0.761837
2128.139 0.752946
2128.629 0.757149
2129.119 0.760755
2129.610 0.760258
2130.100 0.758082
2130.590 0.755053
2131.081 0.754868
2131.572 0.762972
2132.063 0.756525
2132.553 0.757068
2133.045 0.757937
2133.536 0.756407
2134.026 0.758404
2134.519 0.756477
2135.011 0.752907
2135.502 0.756667
2135.993 0.757272
2136.486 0.75448
2136.977 0.754867
2137.470 0.752996
2137.962 0.75025
2138.455 0.753855
2138.947 0.751829
2139.439 0.752523
2139.932 0.753569
2140.424 0.748088
2140.918 0.755322
2141.410 0.753849
2141.904 0.754574
2142.397 0.748425
2142.890 0.750331
2143.384 0.749918
2143.877 0.751436
2144.372 0.752141
2144.865 0.750879
2145.359 0.747187
2145.853 0.746148
2146.347 0.7483
2146.842 0.744342
2147.335 0.748165
2147.831 0.746283
2148.325 0.746161
2148.820 0.742094
2149.314 0.742896
2149.809 0.740214
2150.305 0.741937
2150.799 0.74223
2151.295 0.739669
2151.790 0.738891
2152.286 0.741814
2152.781 0.739034
2153.277 0.73923
2153.773 0.735431
2154.269 0.739227
2154.765 0.735572
2155.261 0.734666
2155.758 0.73587
2156.254 0.733071
2156.750 0.729278
2157.248 0.737762
2157.744 0.736853
2158.241 0.730794
2158.738 0.733908
2159.236 0.73592
2159.732 0.736434
2160.229 0.737357
2160.727 0.730603
2161.224 0.734493
2161.723 0.735358
2162.220 0.736367
2162.719 0.737424
2163.216 0.734575
2163.714 0.736692
2164.213 0.739366
2164.711 0.736569
2165.210 0.73758
2165.708 0.736752
2166.208 0.73562
2166.706 0.736773
2167.204 0.737959
2167.704 0.739322
2168.203 0.735772
2168.703 0.738842
2169.201 0.736468
2169.702 0.736508
2170.201 0.740478
2170.700 0.738528
2171.201 0.736384
2171.700 0.733802
2172.201 0.735102
2172.701 0.73401
2173.202 0.732383
2173.702 0.728675
2174.202 0.733238
2174.703 0.735887
2175.203 0.733708
2175.705 0.732631
2176.205 0.733961
2176.707 0.732185
2177.208 0.731369
2177.709 0.73617
2178.211 0.730578
2178.712 0.734964
2179.215 0.735923
2179.716 0.733601
2180.219 0.726905
2180.720 0.726198
2181.222 0.72713
2181.725 0.731525
2182.227 0.733035
2182.730 0.727198
2183.232 0.728586
2183.735 0.728717
2184.238 0.728228
2184.740 0.728679
2185.244 0.72477
2185.748 0.724078
2186.251 0.725608
2186.754 0.726001
2187.258 0.725252
2187.761 0.721188
2188.264 0.722455
2188.769 0.726225
2189.274 0.721378
2189.777 0.720607
2190.281 0.720142
2190.786 0.720811
2191.290 0.718343
2191.794 0.722472
2192.300 0.719841
2192.805 0.718393
2193.310 0.717149
2193.814 0.714627
2194.320 0.715263
2194.825 0.714731
2195.330 0.715115
2195.836 0.713439
2196.343 0.715173
2196.848 0.71415
2197.353 0.715439
2197.860 0.712556
2198.365 0.710416
2198.871 0.713288
2199.378 0.709789
2199.885 0.710241
2200.392 0.713105
2200.898 0.710457
2201.405 0.713896
2201.912 0.711275
2202.418 0.708691
2202.926 0.711248
2203.434 0.709737
2203.941 0.710827
2204.448 0.710044
2204.956 0.71326
2205.464 0.712948
2205.971 0.708975
2206.480 0.712481
2206.989 0.712715
2207.496 0.713046
2208.004 0.716562
2208.513 0.710616
2209.021 0.713262
2209.530 0.713143
2210.039 0.713121
2210.549 0.715213
2211.057 0.713964
2211.566 0.71503
2212.076 0.717965
2212.585 0.716956
2213.094 0.715904
2213.604 0.716082
2214.115 0.715246
2214.624 0.712022
2215.133 0.715915
2215.644 0.712312
2216.154 0.719141
2216.665 0.717583
2217.175 0.713539
2217.686 0.717171
2218.196 0.717294
2218.707 0.714637
2219.218 0.718383
2219.729 0.715882
2220.240 0.715733
2220.751 0.71577
2221.263 0.713634
2221.774 0.712564
2222.285 0.713966
2222.798 0.712059
2223.309 0.713992
2223.822 0.715146
2224.333 0.712195
2224.846 0.713325
2225.358 0.712079
2225.870 0.711547
2226.384 0.712141
2226.896 0.709659
2227.409 0.706759
2227.922 0.71082
2228.435 0.710474
2228.948 0.70384
2229.461 0.70752
2229.975 0.70919
2230.488 0.703765
2231.002 0.706314
2231.516 0.706641
2232.030 0.703133
2232.543 0.706119
2233.057 0.705917
2233.572 0.705799
2234.086 0.702933
2234.601 0.704846
2235.115 0.703827
2235.631 0.701299
2236.145 0.705126
2236.659 0.703266
2237.175 0.703082
2237.690 0.702116
2238.206 0.703313
2238.721 0.7012
2239.237 0.703438
2239.752 0.70503
2240.267 0.701812
2240.784 0.701766
2241.299 0.700665
2241.816 0.704102
2242.332 0.699521
2242.849 0.700784
2243.365 0.70218
2243.881 0.699627
2244.398 0.697574
2244.915 0.702307
2245.433 0.702076
2245.949 0.695029
2246.467 0.700317
2246.984 0.70031
2247.501 0.701155
2248.019 0.698837
2248.536 0.703096
2249.055 0.700773
2249.572 0.70006
2250.091 0.699227
2250.608 0.702645
2251.126 0.7043
2251.645 0.70663
2252.163 0.70578
2252.683 0.700726
2253.201 0.701095
2253.720 0.70543
2254.239 0.705091
2254.757 0.704722
2255.277 0.705561
2255.796 0.703883
2256.316 0.704541
2256.835 0.702319
2257.356 0.705464
2257.875 0.709295
2258.395 0.704342
2258.915 0.703784
2259.435 0.705644
2259.956 0.704428
2260.476 0.707019
2260.997 0.708983
2261.517 0.706455
2262.038 0.710157
2262.559 0.711911
2263.080 0.70901
2263.602 0.707629
2264.122 0.709773
2264.645 0.70868
2265.165 0.70847
2265.687 0.713497
2266.209 0.714316
2266.731 0.712349
2267.253 0.711326
2267.775 0.708165
2268.298 0.709515
2268.819 0.712108
2269.341 0.715193
2269.865 0.713679
2270.388 0.713286
2270.910 0.713142
2271.433 0.716614
2271.957 0.714323
2272.479 0.715631
2273.002 0.713999
2273.526 0.719069
2274.050 0.721028
2274.573 0.718079
2275.097 0.714275
2275.621 0.71569
2276.145 0.719753
2276.668 0.717652
2277.194 0.721488
2277.719 0.718153
2278.243 0.721547
2278.767 0.72062
2279.292 0.720863
2279.817 0.722622
2280.341 0.724849
2280.867 0.725102
2281.393 0.725916
2281.918 0.723556
2282.443 0.718964
2282.969 0.727372
2283.494 0.723392
2284.020 0.725765
2284.546 0.7292
2285.073 0.725276
2285.599 0.722105
2286.125 0.727186
2286.652 0.724799
2287.178 0.728405
2287.704 0.727853
2288.231 0.727882
2288.759 0.730335
2289.286 0.7286
2289.812 0.727571
2290.340 0.727906
2290.867 0.730869
2291.394 0.730984
2291.923 0.731299
2292.451 0.731303
2292.979 0.733143
2293.506 0.733234
2294.035 0.731738
2294.563 0.733779
2295.090 0.728559
2295.620 0.731877
2296.149 0.737074
2296.677 0.740019
2297.206 0.736577
2297.735 0.734448
2298.264 0.737043
2298.794 0.738325
2299.323 0.739596
2299.853 0.736847
2300.382 0.740939
2300.911 0.739864
2301.442 0.736156
2301.971 0.738903
2302.502 0.738918
2303.032 0.738715
2303.563 0.739002
2304.093 0.734928
2304.623 0.740833
2305.154 0.733549
2305.685 0.740097
2306.216 0.742721
2306.747 0.740687
2307.279 0.741288
2307.810 0.742572
2308.340 0.74395
2308.873 0.739955
2309.404 0.736419
2309.936 0.745188
2310.468 0.742743
2311.000 0.744254
2311.532 0.744386
2312.064 0.746198
2312.597 0.745782
2313.129 0.743516
2313.663 0.744698
2314.195 0.743905
2314.729 0.742418
2315.261 0.742488
2315.793 0.746604
2316.328 0.747419
2316.860 0.751398
2317.395 0.750517
2317.928 0.752071
2318.462 0.747564
2318.996 0.746681
2319.529 0.749557
2320.064 0.753678
2320.598 0.752796
2321.133 0.754497
2321.667 0.753229
2322.202 0.759039
2322.736 0.76157
2323.271 0.754674
2323.807 0.758798
2324.341 0.756879
2324.877 0.76001
2325.412 0.763689
2325.948 0.764338
2326.483 0.75842
2327.019 0.760271
2327.555 0.758209
2328.091 0.760974
2328.627 0.754118
2329.163 0.753513
2329.700 0.754636
2330.236 0.758116
2330.772 0.756822
2331.310 0.754378
2331.846 0.75078
2332.384 0.757007
2332.920 0.750143
2333.458 0.747478
2333.995 0.749629
2334.532 0.749997
2335.070 0.749791
2335.607 0.746205
2336.146 0.74216
2336.684 0.741943
2337.222 0.740887
2337.760 0.744482
2338.298 0.742627
2338.837 0.738054
2339.375 0.742
2339.915 0.739554
2340.453 0.738648
2340.992 0.737267
2341.531 0.736369
2342.070 0.740855
2342.610 0.735459
2343.149 0.733242
2343.689 0.738208
2344.228 0.736569
2344.769 0.728414
2345.308 0.733882
2345.848 0.726599
2346.389 0.729093
2346.928 0.733626
2347.470 0.736386
2348.010 0.734366
2348.551 0.735297
2349.091 0.731754
2349.632 0.725394
2350.174 0.724488
2350.716 0.725811
2351.256 0.72327
2351.797 0.727852
2352.340 0.724653
2352.881 0.728041
2353.422 0.724151
2353.965 0.729251
2354.508 0.72829
2355.049 0.728523
2355.591 0.725362
2356.134 0.724401
2356.676 0.721127
2357.218 0.719376
2357.762 0.725209
2358.306 0.723733
2358.848 0.72068
2359.391 0.720802
2359.935 0.725936
2360.478 0.720655
2361.021 0.718722
2361.565 0.720432
2362.110 0.716623
2362.653 0.720158
2363.197 0.720695
2363.742 0.72147
2364.285 0.719211
2364.829 0.722425
2365.375 0.721096
2365.920 0.717853
2366.464 0.724235
2367.009 0.720125
2367.555 0.718326
2368.099 0.717923
2368.644 0.718752
2369.190 0.716916
2369.737 0.713151
2370.282 0.721042
2370.827 0.714919
2371.374 0.714197
2371.919 0.714222
2372.465 0.717889
2373.012 0.710926
2373.559 0.710352
2374.105 0.714939
2374.651 0.709945
2375.199 0.70784
2375.745 0.711482
2376.292 0.709528
2376.840 0.711865
2377.388 0.717152
2377.935 0.717257
2378.482 0.716828
2379.031 0.718861
2379.578 0.712275
2380.126 0.713166
2380.674 0.714576
2381.223 0.713798
2381.771 0.713878
2382.319 0.7144
2382.868 0.718758
2383.416 0.715772
2383.966 0.714894
2384.514 0.713589
2385.064 0.71651
2385.613 0.720304
2386.162 0.714755
2386.712 0.712879
2387.261 0.71464
2387.812 0.713401
2388.361 0.713968
2388.911 0.713126
2389.461 0.719223
2390.011 0.712289
2390.562 0.713605
2391.112 0.716591
2391.663 0.716218
2392.213 0.715562
2392.765 0.714639
2393.315 0.716864
2393.866 0.717506
2394.418 0.712441
2394.969 0.719889
2395.521 0.718784
2396.072 0.716608
2396.625 0.712217
2397.176 0.711543
2397.728 0.716791
2398.281 0.716931
2398.832 0.719621
2399.385 0.716166
2399.937 0.715472
2400.491 0.714179
2401.043 0.715856
2401.595 0.715446
2402.149 0.718873
2402.702 0.718764
2403.256 0.71688
2403.809 0.717309
2404.363 0.719496
2404.916 0.722675
2405.469 0.720844
2406.024 0.721759
2406.578 0.718046
2407.133 0.720288
2407.686 0.723353
2408.241 0.726825
2408.795 0.729102
2409.350 0.723156
2409.905 0.726823
2410.460 0.727748
2411.016 0.72673
2411.570 0.731814
2412.126 0.729397
2412.681 0.731208
2413.236 0.733346
2413.793 0.732898
2414.348 0.734413
2414.905 0.738633
2415.460 0.739067
2416.017 0.732188
2416.573 0.734441
2417.129 0.734785
2417.686 0.737462
2418.243 0.743143
2418.800 0.737479
2419.357 0.740035
2419.915 0.744943
2420.471 0.744909
2421.028 0.749774
2421.586 0.752937
2422.144 0.743683
2422.702 0.742766
2423.259 0.742388
2423.818 0.74482
2424.376 0.746296
2424.933 0.744735
2425.493 0.741977
2426.051 0.741063
2426.610 0.742285
2427.168 0.739252
2427.728 0.737197
2428.286 0.744072
2428.845 0.739501
2429.405 0.733933
2429.964 0.741967
2430.524 0.737688
2431.083 0.734246
2431.644 0.732641
2432.204 0.732795
2432.763 0.735012
2433.324 0.734095
2433.884 0.728848
2434.445 0.730183
2435.005 0.742732
2435.567 0.730185
2436.127 0.732002
2436.688 0.731336
2437.249 0.731033
2437.811 0.734503
2438.372 0.73267
2438.933 0.728024
2439.496 0.729132
2440.057 0.732236
2440.618 0.730742
2441.181 0.727616
2441.744 0.727134
2442.305 0.72826
2442.867 0.723143
2443.431 0.723238
2443.993 0.721971
2444.555 0.724034
2445.119 0.724375
2445.683 0.720319
2446.245 0.72293
2446.808 0.717341
2447.372 0.720277
2447.935 0.718034
2448.498 0.716164
2449.063 0.721718
2449.628 0.723404
2450.191 0.721099
2450.755 0.71278
2451.320 0.717315
2451.884 0.721249
2452.448 0.711442
2453.013 0.70982
2453.579 0.711497
2454.144 0.717329
2454.708 0.714595
2455.274 0.715375
2455.839 0.711675
2456.404 0.715875
2456.970 0.717029
2457.537 0.714483
2458.102 0.714393
2458.668 0.714498
2459.235 0.712792
2459.801 0.717083
2460.366 0.719229
2460.934 0.719647
2461.501 0.717314
2462.068 0.72046
2462.634 0.713356
2463.202 0.71758
2463.769 0.722438
2464.335 0.716031
2464.904 0.721315
2465.472 0.720351
2466.039 0.72032
2466.606 0.717712
2467.175 0.716839
2467.743 0.7198
2468.312 0.71987
2468.880 0.719304
2469.449 0.725718
2470.017 0.7259
2470.585 0.71768
2471.155 0.719609
2471.724 0.721865
2472.293 0.720597
2472.862 0.719488
2473.433 0.717489
2474.001 0.725407
2474.571 0.72012
2475.141 0.714614
2475.711 0.72053
2476.281 0.716014
2476.851 0.714428
2477.422 0.718211
2477.992 0.723194
2478.562 0.717599
2479.134 0.715361
2479.704 0.713356
2480.276 0.715422
2480.847 0.709712
2481.419 0.713167
2481.990 0.716038
2482.561 0.716389
2483.133 0.715868
2483.704 0.714974
2484.277 0.719936
2484.848 0.711914
2485.421 0.715456
2485.993 0.720764
2486.565 0.712284
2487.139 0.713399
2487.711 0.713436
2488.284 0.715178
2488.857 0.713758
2489.431 0.713861
2490.003 0.717143
2490.576 0.712118
2491.151 0.712553
2491.724 0.710655
2492.298 0.710257
2492.872 0.718089
2493.446 0.717151
2494.020 0.714211
2494.594 0.705676
2495.169 0.710339
2495.743 0.712447
2496.319 0.708472
2496.893 0.708581
2497.469 0.707454
2498.043 0.708069
2498.618 0.709325
2499.194 0.71162
2499.769 0.709148
2500.345 0.708196
2500.921 0.705634
2501.497 0.712074
2502.073 0.707959
2502.648 0.711878
2503.226 0.706476
2503.801 0.708118
2504.379 0.713689
2504.955 0.710706
2505.532 0.714154
2506.109 0.708489
2506.685 0.707765
2507.263 0.706592
2507.840 0.705315
2508.418 0.709896
2508.996 0.706892
2509.574 0.704323
2510.151 0.705435
2510.729 0.704322
2511.308 0.701112
2511.885 0.708672
2512.465 0.706187
2513.043 0.700674
2513.622 0.701592
2514.201 0.699755
2514.779 0.704198
2515.359 0.698118
2515.938 0.702117
2516.518 0.704255
2517.097 0.708458
2517.677 0.701019
2518.256 0.697658
2518.835 0.708774
2519.417 0.701085
2519.996 0.704452
2520.577 0.704402
2521.157 0.703955
2521.738 0.698977
2522.318 0.702839
2522.899 0.698408
2523.480 0.697817
2524.061 0.698775
2524.643 0.701616
2525.224 0.703812
2525.806 0.696354
2526.387 0.706315
2526.969 0.701027
2527.551 0.704098
2528.134 0.697058
2528.716 0.696237
2529.297 0.696293
2529.881 0.696799
2530.462 0.699141
2531.045 0.698525
2531.628 0.6936
2532.212 0.696837
2532.795 0.700213
2533.377 0.696846
2533.961 0.694321
2534.544 0.693396
2535.127 0.698115
2535.712 0.697298
2536.297 0.693319
2536.880 0.694666
2537.464 0.699787
2538.049 0.697204
2538.633 0.695564
2539.217 0.699751
2539.802 0.695822
2540.388 0.694158
2540.973 0.69123
2541.557 0.695343
2542.143 0.693988
2542.728 0.696748
2543.313 0.69911
2543.899 0.697454
2544.486 0.691906
2545.071 0.700323
2545.657 0.692422
2546.244 0.688999
2546.830 0.691556
2547.416 0.689322
2548.003 0.688979
2548.591 0.690712
2549.177 0.688634
2549.763 0.684388
2550.351 0.686706
2550.938 0.691587
2551.525 0.693989
2552.113 0.685309
2552.702 0.688755
2553.289 0.688434
2553.876 0.683085
2554.465 0.683609
2555.053 0.685028
2555.641 0.683019
2556.230 0.682309
2556.820 0.687682
2557.408 0.680999
2557.996 0.682763
2558.586 0.679642
2559.174 0.679463
2559.765 0.689122
2560.354 0.68428
2560.944 0.681324
2561.533 0.684402
2562.122 0.675893
2562.713 0.676804
2563.303 0.682727
2563.894 0.681902
2564.484 0.678498
2565.075 0.682142
2565.665 0.676878
2566.255 0.679262
2566.847 0.682996
2567.438 0.679053
2568.030 0.675867
2568.620 0.674857
2569.213 0.675637
2569.804 0.675096
2570.395 0.673382
2570.988 0.672462
2571.579 0.669102
2572.172 0.671514
2572.764 0.668868
2573.357 0.671733
2573.949 0.671939
2574.541 0.675784
2575.135 0.670635
2575.727 0.670537
2576.321 0.675855
2576.914 0.672678
2577.508 0.671838
2578.101 0.668713
2578.694 0.670888
2579.289 0.673116
2579.882 0.666369
2580.477 0.670429
2581.071 0.668713
2581.666 0.673241
2582.260 0.669055
2582.854 0.670474
2583.449 0.667953
2584.044 0.671478
2584.640 0.663487
2585.234 0.658582
2585.831 0.670849
2586.425 0.667988
2587.020 0.667526
2587.617 0.66571
2588.212 0.665095
2588.809 0.664181
2589.405 0.660452
2590.002 0.664417
2590.597 0.663507
2591.193 0.660882
2591.791 0.66546
2592.387 0.66101
2592.985 0.664332
2593.582 0.663252
2594.180 0.662214
2594.776 0.661433
2595.373 0.659131
2595.972 0.661752
2596.569 0.662556
2597.168 0.669223
2597.765 0.660169
2598.364 0.65578
2598.962 0.657511
2599.560 0.660913
2600.159 0.659437
2600.758 0.660403
2601.357 0.661952
2601.956 0.664701
2602.556 0.656687
2603.154 0.665237
2603.753 0.662397
2604.354 0.65594
2604.953 0.657178
2605.553 0.659647
2606.153 0.660484
2606.754 0.660461
2607.354 0.660109
2607.953 0.661449
2608.555 0.661989
2609.155 0.656821
2609.756 0.6526
2610.357 0.656921
2610.959 0.661742
2611.560 0.66462
2612.160 0.660064
2612.763 0.656318
2613.364 0.658014
2613.966 0.658169
2614.568 0.659548
2615.170 0.656769
2615.772 0.657965
2616.374 0.657104
2616.977 0.654498
2617.581 0.657461
2618.183 0.654921
2618.785 0.663034
2619.389 0.656376
2619.992 0.65946
2620.594 0.660061
2621.199 0.665869
2621.803 0.662515
2622.406 0.654569
2623.010 0.65176
2623.615 0.65819
2624.218 0.661436
2624.822 0.658092
2625.427 0.657771
2626.032 0.653959
2626.636 0.657245
2627.241 0.652226
2627.847 0.653728
2628.451 0.656272
2629.056 0.648777
2629.662 0.648066
2630.269 0.651928
2630.874 0.651785
2631.479 0.643496
2632.086 0.648859
2632.691 0.653629
2633.297 0.651679
2633.904 0.645247
2634.511 0.644081
2635.117 0.647618
2635.724 0.645761
2636.332 0.643097
2636.938 0.647385
2637.544 0.640241
2638.153 0.638966
2638.761 0.638634
2639.368 0.638716
2639.975 0.637465
2640.584 0.640524
2641.192 0.638482
2641.799 0.63702
2642.408 0.638975
2643.018 0.637489
2643.626 0.634105
2644.234 0.639472
2644.844 0.632371
2645.452 0.63116
2646.061 0.629826
2646.671 0.631465
2647.281 0.631939
2647.890 0.629897
2648.499 0.628994
2649.110 0.625638
2649.719 0.624777
2650.329 0.624503
2650.940 0.631955
2651.552 0.62732
2652.161 0.624003
2652.771 0.624331
2653.383 0.623176
2653.994 0.628697
2654.606 0.621847
2655.216 0.626013
2655.829 0.621335
2656.440 0.628942
2657.051 0.625394
2657.664 0.625511
2658.275 0.625192
2658.888 0.624851
2659.500 0.624229
2660.113 0.619333
2660.725 0.627581
2661.337 0.621338
2661.951 0.626454
2662.563 0.621434
2663.177 0.624796
2663.790 0.628141
2664.404 0.624607
2665.017 0.621318
2665.630 0.626735
2666.245 0.623684
2666.858 0.627336
2667.473 0.63319
2668.086 0.62617
2668.702 0.624014
2669.316 0.63265
2669.930 0.629578
2670.545 0.619199
2671.160 0.633099
2671.776 0.631733
2672.390 0.628438
2673.007 0.629629
2673.622 0.623644
2674.237 0.634411
2674.853 0.626417
2675.469 0.627619
2676.086 0.631818
2676.701 0.630265
2677.319 0.630487
2677.935 0.628396
2678.551 0.627362
2679.168 0.624588
2679.784 0.624266
2680.402 0.629728
2681.019 0.623942
2681.637 0.627828
2682.254 0.631831
2682.871 0.623748
2683.490 0.625862
2684.107 0.627028
2684.726 0.627879
2685.344 0.626792
2685.963 0.629894
2686.581 0.628779
2687.199 0.629316
2687.819 0.635637
2688.437 0.631349
2689.057 0.629376
2689.676 0.632542
2690.296 0.62602
2690.915 0.628075
2691.534 0.630109
2692.154 0.623506
2692.774 0.627816
2693.395 0.630707
2694.014 0.629216
2694.635 0.629869
2695.255 0.630244
2695.875 0.634416
2696.497 0.627149
2697.117 0.63052
2697.739 0.63601
2698.360 0.631872
2698.982 0.626537
2699.603 0.627815
2700.224 0.624756
2700.847 0.627409
2701.468 0.625691
2702.091 0.631563
2702.713 0.633286
2703.336 0.640151
2703.958 0.635955
2704.580 0.639442
2705.204 0.633568
2705.826 0.642734
2706.450 0.63143
2707.073 0.637159
2707.697 0.641513
2708.320 0.641611
2708.943 0.635004
2709.567 0.642339
2710.191 0.645643
2710.816 0.638878
2711.439 0.643298
2712.064 0.638983
2712.688 0.641679
2713.313 0.641153
2713.938 0.649892
2714.564 0.648894
2715.188 0.646134
2715.813 0.645313
2716.439 0.649867
2717.064 0.646872
2717.689 0.644718
2718.316 0.642142
2718.943 0.652447
2719.568 0.652977
2720.194 0.651593
2720.821 0.656665
2721.447 0.650788
2722.073 0.657726
2722.701 0.660956
2723.329 0.654782
2723.955 0.654636
2724.582 0.657689
2725.210 0.659983
2725.837 0.653655
2726.464 0.655089
2727.093 0.656786
2727.722 0.664539
2728.349 0.667327
2728.977 0.66812
2729.606 0.666529
2730.234 0.658009
2730.862 0.663031
2731.492 0.658026
2732.122 0.662518
2732.750 0.664445
2733.379 0.66644
2734.009 0.655386
2734.638 0.671938
2735.268 0.663429
2735.898 0.665994
2736.529 0.672498
2737.159 0.665446
2737.788 0.672491
2738.420 0.6696
2739.050 0.678949
2739.680 0.676239
2740.312 0.669826
2740.943 0.672834
2741.574 0.676384
2742.205 0.669872
2742.837 0.67739
2743.468 0.678643
2744.099 0.679066
2744.732 0.671812
2745.365 0.67523
2745.996 0.677429
2746.628 0.678899
2747.261 0.674536
2747.894 0.676012
2748.526 0.684645
2749.159 0.683304
2749.793 0.68315
2750.426 0.684283
2751.059 0.684404
2751.693 0.685707
2752.326 0.689434
2752.961 0.673813
2753.594 0.683527
2754.229 0.692782
2754.863 0.683126
2755.496 0.68784
2756.132 0.690223
2756.766 0.690325
2757.402 0.692062
2758.036 0.693964
2758.672 0.693993
2759.307 0.69509
2759.941 0.696203
2760.578 0.691649
2761.213 0.693967
2761.850 0.689959
2762.485 0.69679
2763.122 0.69663
2763.758 0.693652
2764.393 0.698158
2765.031 0.704166
2765.667 0.708066
2766.305 0.70331
2766.941 0.694209
2767.579 0.69771
2768.216 0.703543
2768.853 0.696524
2769.491 0.715305
2770.128 0.708572
2770.767 0.713678
2771.405 0.715136
2772.043 0.718328
2772.681 0.71937
2773.319 0.718516
2773.958 0.72625
2774.597 0.734192
2775.237 0.733522
2775.875 0.739063
2776.515 0.742154
2777.154 0.744955
2777.793 0.736056
2778.433 0.756647
2779.073 0.759217
2779.713 0.760832
2780.353 0.761344
2780.994 0.774806
2781.634 0.784093
2782.274 0.780991
2782.915 0.788625
2783.555 0.793327
2784.197 0.809486
2784.838 0.805164
2785.480 0.818031
2786.121 0.825943
2786.762 0.82673
2787.404 0.838422
2788.046 0.848565
2788.688 0.847686
2789.330 0.866586
2789.973 0.869553
2790.615 0.87235
2791.257 0.873159
2791.901 0.886066
2792.543 0.894824
2793.187 0.895574
2793.830 0.907442
2794.474 0.902665
2795.117 0.914046
2795.760 0.916816
2796.404 0.92387
2797.048 0.92159
2797.693 0.925224
2798.336 0.915909
2798.981 0.924891
2799.625 0.923424
2800.270 0.91705
2800.915 0.926863
2801.560 0.912424
2802.206 0.921672
2802.850 0.906803
2803.497 0.892936
2804.142 0.900206
2804.787 0.892723
2805.433 0.89446
2806.079 0.88374
2806.726 0.876755
2807.372 0.870576
2808.019 0.872681
2808.665 0.849374
2809.311 0.846998
2809.959 0.845107
2810.605 0.836919
2811.253 0.829053
2811.900 0.815038
2812.549 0.81152
2813.196 0.806647
2813.843 0.800193
2814.492 0.793009
2815.141 0.785557
2815.788 0.78867
2816.436 0.769856
2817.085 0.765246
2817.733 0.76571
2818.382 0.763563
2819.032 0.754706
2819.682 0.750579
2820.330 0.741251
2820.979 0.743885
2821.630 0.734762
2822.279 0.734276
2822.928 0.739164
2823.579 0.721727
2824.230 0.715464
2824.880 0.722682
2825.530 0.728195
2826.181 0.713772
2826.831 0.704473
2827.482 0.711006
2828.134 0.714359
2828.786 0.709944
2829.437 0.705572
2830.087 0.699425
2830.740 0.701364
2831.391 0.698419
2832.043 0.689635
2832.696 0.685129
2833.349 0.689762
2834.001 0.687968
2834.653 0.690008
2835.306 0.682271
2835.959 0.678062
2836.611 0.68288
2837.265 0.687356
2837.919 0.678686
2838.572 0.675196
2839.225 0.668029
2839.880 0.677178
2840.533 0.669376
2841.187 0.67002
2841.842 0.668897
2842.497 0.676215
2843.151 0.669868
2843.805 0.667005
2844.461 0.675783
2845.115 0.660967
2845.770 0.649355
2846.426 0.661919
2847.083 0.651838
2847.738 0.654596
2848.393 0.651069
2849.050 0.649389
2849.705 0.659381
2850.360 0.65563
2851.018 0.658064
2851.675 0.660702
2852.331 0.646032
2852.987 0.64862
2853.645 0.653801
2854.302 0.646039
2854.960 0.643084
2855.617 0.636357
2856.275 0.645931
2856.932 0.64435
2857.590 0.635515
2858.249 0.642568
2858.906 0.645194
2859.565 0.635241
2860.223 0.637143
2860.883 0.636847
2861.541 0.633245
2862.199 0.634028
2862.859 0.638915
2863.518 0.63336
2864.178 0.624297
2864.837 0.634438
2865.498 0.626939
2866.157 0.629071
2866.816 0.624406
2867.477 0.630896
2868.137 0.626876
2868.798 0.647378
2869.458 0.629891
2870.120 0.63194
2870.780 0.615521
2871.441 0.617895
2872.103 0.629308
2872.764 0.631436
2873.426 0.635583
2874.087 0.625012
2874.750 0.626351
2875.411 0.621625
2876.073 0.612819
2876.736 0.612898
2877.397 0.604321
2878.061 0.61767
2878.723 0.632042
2879.387 0.615134
2880.049 0.609574
2880.712 0.606326
2881.376 0.608321
2882.039 0.609121
2882.704 0.609831
2883.367 0.616742
2884.032 0.619187
2884.695 0.616509
2885.359 0.615245
2886.024 0.614014
2886.688 0.614822
2887.354 0.616405
2888.018 0.603411
2888.684 0.603879
2889.349 0.596533
2890.013 0.605928
2890.680 0.60031
2891.345 0.607177
2892.011 0.598829
2892.677 0.607014
2893.344 0.596674
2894.009 0.598099
2894.675 0.595965
2895.343 0.612553
2896.009 0.611162
2896.677 0.595951
2897.343 0.598485
2898.011 0.594155
2898.678 0.592416
2899.344 0.59743
