1000.000 1.00205
1000.230 0.970666
1000.461 0.962872
1000.691 0.994388
1000.922 1.00539
1001.152 0.987996
1001.382 0.985281
1001.613 0.986361
1001.844 0.989165
1002.075 0.975975
1002.305 0.982414
1002.536 1.02321
1002.767 1.0729
1002.997 1.02566
1003.229 1.03393
1003.460 0.978669
1003.691 1.00638
1003.922 1.04092
1004.153 1.00526
1004.384 1.01924
1004.615 1.05975
1004.847 1.02404
1005.078 1.01341
1005.310 1.02578
1005.541 1.01368
1005.773 1.04188
1006.005 1.02931
1006.236 1.04002
1006.468 1.0125
1006.700 0.957179
1006.932 1.01941
1007.163 1.02008
1007.396 1.00752
1007.627 1.00556
1007.859 0.999267
1008.092 0.982296
1008.323 1.00285
1008.556 1.01949
1008.788 1.01481
1009.021 1.00069
1009.253 1.02455
1009.485 1.06314
1009.718 1.10058
1009.950 1.09577
1010.183 1.0484
1010.415 1.03932
1010.648 1.07317
1010.881 1.05388
1011.113 0.99385
1011.346 1.02214
1011.579 1.01475
1011.812 1.01386
1012.045 1.03341
1012.279 1.06756
1012.511 1.04541
1012.744 0.973017
1012.978 1.01636
1013.211 1.03396
1013.445 1.06506
1013.678 1.03615
1013.911 1.07983
1014.145 1.05705
1014.378 1.02138
1014.612 1.06046
1014.845 1.06205
1015.079 1.01571
1015.313 1.04989
1015.547 1.0876
1015.781 1.09369
1016.014 1.10238
1016.249 1.12
1016.482 1.12478
1016.717 1.1144
1016.951 1.11368
1017.185 1.15911
1017.419 1.12595
1017.653 1.16978
1017.888 1.13532
1018.122 1.18292
1018.357 1.16726
1018.591 1.16511
1018.826 1.13961
1019.060 1.11044
1019.295 1.10186
1019.530 1.13133
1019.764 1.1291
1020.000 1.14705
1020.234 1.17762
1020.469 1.18459
1020.704 1.18318
1020.939 1.17171
1021.174 1.1768
1021.409 1.19876
1021.645 1.22991
1021.880 1.21123
1022.116 1.2612
1022.351 1.26172
1022.586 1.23961
1022.822 1.2716
1023.057 1.28414
1023.293 1.307
1023.528 1.32666
1023.764 1.35261
1024.000 1.3395
1024.236 1.34804
1024.472 1.29137
1024.707 1.32852
1024.944 1.34699
1025.179 1.37044
1025.416 1.33424
1025.652 1.36624
1025.888 1.34631
1026.124 1.41198
1026.360 1.45641
1026.597 1.43744
1026.833 1.41482
1027.070 1.45906
1027.306 1.43107
1027.543 1.49895
1027.780 1.49873
1028.016 1.49376
1028.253 1.46979
1028.490 1.47012
1028.727 1.53766
1028.963 1.54548
1029.201 1.46693
1029.437 1.47612
1029.674 1.49413
1029.912 1.52445
1030.149 1.54717
1030.386 1.53645
1030.623 1.46704
1030.861 1.52025
1031.098 1.48275
1031.335 1.47721
1031.573 1.50594
1031.810 1.4909
1032.048 1.49762
1032.286 1.49815
1032.524 1.50379
1032.761 1.56007
1032.999 1.56557
1033.237 1.52982
1033.475 1.53297
1033.713 1.52842
1033.951 1.53744
1034.189 1.56652
1034.427 1.57604
1034.666 1.52198
1034.904 1.47381
1035.142 1.48938
1035.380 1.524
1035.619 1.53524
1035.858 1.5103
1036.096 1.48721
1036.335 1.44597
1036.573 1.42589
1036.812 1.46099
1037.051 1.4417
1037.289 1.4548
1037.528 1.42386
1037.767 1.38778
1038.006 1.35847
1038.245 1.36912
1038.484 1.34359
1038.724 1.34996
1038.963 1.32522
1039.202 1.31373
1039.441 1.31398
1039.681 1.28936
1039.920 1.29658
1040.159 1.27241
1040.399 1.27778
1040.639 1.30152
1040.878 1.26656
1041.118 1.26768
1041.358 1.2353
1041.598 1.21861
1041.837 1.2383
1042.077 1.19145
1042.317 1.18682
1042.557 1.22033
1042.797 1.22232
1043.038 1.23373
1043.278 1.20652
1043.518 1.18839
1043.758 1.1847
1043.999 1.20366
1044.239 1.19432
1044.479 1.18919
1044.720 1.18166
1044.961 1.21374
1045.201 1.19368
1045.442 1.18965
1045.683 1.16957
1045.924 1.16981
1046.164 1.18148
1046.406 1.17077
1046.646 1.16255
1046.887 1.13648
1047.129 1.1077
1047.369 1.12673
1047.611 1.13293
1047.852 1.13538
1048.094 1.15188
1048.335 1.14992
1048.576 1.149
1048.818 1.15883
1049.059 1.129
1049.301 1.14621
1049.542 1.13687
1049.784 1.13219
1050.026 1.14324
1050.267 1.14672
1050.510 1.16381
1050.751 1.13001
1050.993 1.11697
1051.235 1.13461
1051.478 1.14652
1051.719 1.13121
1051.961 1.13043
1052.204 1.14543
1052.446 1.13148
1052.689 1.1303
1052.931 1.13944
1053.174 1.1138
1053.416 1.14218
1053.658 1.14195
1053.901 1.14864
1054.144 1.16099
1054.387 1.12876
1054.630 1.14629
1054.873 1.12787
1055.115 1.11629
1055.358 1.1492
1055.601 1.15173
1055.844 1.15141
1056.088 1.15628
1056.331 1.14742
1056.574 1.16827
1056.817 1.1448
1057.060 1.1658
1057.304 1.18972
1057.547 1.17833
1057.791 1.18896
1058.035 1.1636
1058.279 1.16888
1058.522 1.17023
1058.766 1.17072
1059.010 1.1818
1059.253 1.15921
1059.498 1.2067
1059.741 1.17952
1059.986 1.18889
1060.230 1.20318
1060.474 1.18284
1060.718 1.18668
1060.962 1.17042
1061.207 1.18115
1061.451 1.20891
1061.696 1.16836
1061.940 1.1663
1062.185 1.19419
1062.429 1.2026
1062.673 1.20254
1062.919 1.21629
1063.163 1.22048
1063.408 1.23177
1063.653 1.21776
1063.898 1.20181
1064.143 1.19411
1064.388 1.18751
1064.633 1.19133
1064.878 1.16917
1065.124 1.16752
1065.369 1.18293
1065.614 1.16895
1065.859 1.20618
1066.105 1.21473
1066.350 1.20396
1066.596 1.19978
1066.842 1.18607
1067.087 1.18025
1067.333 1.18144
1067.579 1.19478
1067.824 1.21533
1068.071 1.2069
1068.316 1.22339
1068.563 1.21334
1068.808 1.21239
1069.055 1.21757
1069.301 1.24414
1069.547 1.24315
1069.794 1.22047
1070.040 1.21262
1070.286 1.21653
1070.533 1.22267
1070.780 1.24247
1071.026 1.21559
1071.272 1.23687
1071.519 1.24508
1071.766 1.23258
1072.013 1.21487
1072.260 1.22698
1072.507 1.2256
1072.754 1.2323
1073.001 1.22305
1073.248 1.21932
1073.495 1.21007
1073.742 1.21605
1073.989 1.22626
1074.237 1.21048
1074.484 1.1952
1074.732 1.21837
1074.979 1.1943
1075.226 1.18298
1075.474 1.19276
1075.722 1.16863
1075.970 1.1539
1076.217 1.16591
1076.465 1.17542
1076.713 1.17802
1076.961 1.18328
1077.209 1.18338
1077.457 1.17252
1077.705 1.16466
1077.953 1.17862
1078.202 1.14759
1078.450 1.14743
1078.698 1.17469
1078.947 1.18933
1079.195 1.18794
1079.444 1.17511
1079.692 1.16719
1079.941 1.14943
1080.189 1.14448
1080.438 1.15904
1080.687 1.14111
1080.936 1.13691
1081.185 1.1655
1081.434 1.16165
1081.683 1.16395
1081.932 1.15882
1082.181 1.14904
1082.430 1.13467
1082.679 1.12556
1082.929 1.15591
1083.178 1.14576
1083.428 1.16165
1083.677 1.14096
1083.927 1.12605
1084.177 1.14621
1084.426 1.14717
1084.676 1.14971
1084.926 1.17789
1085.176 1.16346
1085.425 1.15341
1085.675 1.15294
1085.925 1.13373
1086.175 1.1496
1086.426 1.14049
1086.676 1.15284
1086.926 1.15289
1087.176 1.13205
1087.426 1.1408
1087.677 1.14706
1087.927 1.11587
1088.178 1.1135
1088.428 1.09658
1088.679 1.11957
1088.930 1.11207
1089.180 1.11948
1089.432 1.11243
1089.682 1.10823
1089.933 1.11065
1090.184 1.08283
1090.436 1.07792
1090.687 1.09478
1090.937 1.0762
1091.189 1.0997
1091.440 1.08866
1091.692 1.09949
1091.943 1.09031
1092.195 1.09255
1092.446 1.08048
1092.697 1.09256
1092.949 1.07751
1093.201 1.07701
1093.453 1.06748
1093.704 1.0893
1093.956 1.08223
1094.208 1.07271
1094.460 1.05289
1094.712 1.06066
1094.964 1.05552
1095.217 1.06453
1095.469 1.06031
1095.721 1.05928
1095.973 1.05142
1096.225 1.06226
1096.478 1.03653
1096.730 1.05304
1096.983 1.0586
1097.236 1.04466
1097.489 1.06237
1097.741 1.06464
1097.994 1.05975
1098.247 1.05263
1098.500 1.04655
1098.753 1.05296
1099.006 1.06065
1099.259 1.07392
1099.512 1.05905
1099.765 1.04867
1100.018 1.06758
1100.271 1.06276
1100.525 1.05523
1100.778 1.05344
1101.032 1.06248
1101.286 1.04765
1101.539 1.06323
1101.793 1.06568
1102.046 1.05263
1102.300 1.05177
1102.554 1.04438
1102.808 1.0578
1103.062 1.04523
1103.316 1.06177
1103.570 1.0815
1103.824 1.07093
1104.079 1.07925
1104.333 1.08242
1104.587 1.06883
1104.841 1.0795
1105.096 1.06247
1105.350 1.04882
1105.605 1.06194
1105.860 1.07972
1106.114 1.07364
1106.369 1.07308
1106.624 1.06414
1106.879 1.06395
1107.133 1.06738
1107.388 1.07788
1107.643 1.09999
1107.898 1.08554
1108.154 1.07888
1108.409 1.09931
1108.664 1.08993
1108.919 1.10378
1109.174 1.09688
1109.430 1.09344
1109.685 1.10854
1109.941 1.11008
1110.197 1.10378
1110.453 1.10114
1110.708 1.09644
1110.964 1.10411
1111.220 1.12102
1111.475 1.12489
1111.732 1.10832
1111.988 1.11623
1112.244 1.11469
1112.500 1.1182
1112.756 1.10785
1113.012 1.11722
1113.268 1.12568
1113.525 1.13567
1113.781 1.12148
1114.038 1.11007
1114.294 1.12584
1114.551 1.1235
1114.808 1.11787
1115.064 1.11891
1115.321 1.10057
1115.578 1.12139
1115.835 1.13184
1116.092 1.14051
1116.349 1.14846
1116.606 1.12764
1116.863 1.13868
1117.120 1.12332
1117.377 1.14243
1117.635 1.12254
1117.892 1.11367
1118.150 1.1075
1118.407 1.13263
1118.665 1.12794
1118.922 1.12538
1119.180 1.13672
1119.438 1.14897
1119.695 1.12828
1119.954 1.12647
1120.211 1.13972
1120.469 1.13115
1120.727 1.10774
1120.985 1.12761
1121.244 1.11532
1121.502 1.10732
1121.760 1.13219
1122.018 1.12387
1122.276 1.12786
1122.535 1.12859
1122.793 1.11107
1123.052 1.12223
1123.311 1.13521
1123.570 1.1279
1123.828 1.13548
1124.087 1.13577
1124.346 1.12697
1124.605 1.12861
1124.864 1.13407
1125.123 1.1438
1125.382 1.13958
1125.641 1.15972
1125.900 1.15504
1126.160 1.1509
1126.419 1.13515
1126.678 1.14674
1126.938 1.1236
1127.198 1.11397
1127.457 1.08404
1127.716 1.09808
1127.976 1.10722
1128.236 1.09352
1128.496 1.1164
1128.756 1.09484
1129.016 1.10584
1129.276 1.12995
1129.535 1.11346
1129.796 1.10339
1130.056 1.09525
1130.316 1.09671
1130.576 1.09763
1130.837 1.07751
1131.097 1.09134
1131.357 1.08999
1131.618 1.07586
1131.879 1.08189
1132.140 1.06367
1132.400 1.07788
1132.661 1.0811
1132.922 1.08831
1133.182 1.09261
1133.444 1.11741
1133.704 1.08907
1133.966 1.07912
1134.227 1.07573
1134.488 1.06132
1134.749 1.04785
1135.010 1.05074
1135.272 1.05174
1135.533 1.045
1135.795 1.08056
1136.056 1.06994
1136.318 1.04981
1136.580 1.03437
1136.841 1.04035
1137.103 1.04969
1137.365 1.05386
1137.627 1.07087
1137.889 1.05801
1138.151 1.0519
1138.413 1.0388
1138.675 1.05572
1138.938 1.05856
1139.200 1.03034
1139.462 1.04381
1139.724 1.04407
1139.987 1.03274
1140.250 1.03497
1140.512 1.04032
1140.775 1.03496
1141.037 1.04204
1141.300 1.03118
1141.563 1.02505
1141.826 1.03745
1142.089 1.03284
1142.352 1.04125
1142.615 1.05559
1142.878 1.06333
1143.141 1.06269
1143.404 1.05531
1143.668 1.06805
1143.931 1.04618
1144.194 1.0421
1144.458 1.03183
1144.722 1.01864
1144.985 1.03027
1145.249 1.04004
1145.513 1.04133
1145.776 1.05467
1146.041 1.04629
1146.304 1.04588
1146.568 1.05991
1146.833 1.06079
1147.096 1.06537
1147.361 1.06917
1147.625 1.05977
1147.889 1.06001
1148.153 1.0641
1148.418 1.07242
1148.682 1.06916
1148.947 1.07309
1149.212 1.05998
1149.476 1.06975
1149.741 1.06702
1150.006 1.06799
1150.271 1.06084
1150.535 1.04864
1150.800 1.05016
1151.065 1.06828
1151.330 1.0594
1151.596 1.07607
1151.861 1.07462
1152.126 1.07935
1152.391 1.06598
1152.656 1.06806
1152.922 1.0485
1153.188 1.07102
1153.453 1.07194
1153.719 1.07303
1153.985 1.07552
1154.250 1.0586
1154.516 1.07171
1154.782 1.06498
1155.048 1.05718
1155.314 1.06876
1155.580 1.07953
1155.846 1.07643
1156.112 1.08562
1156.378 1.09062
1156.645 1.08442
1156.911 1.07173
1157.178 1.08404
1157.444 1.0756
1157.711 1.0766
1157.977 1.06049
1158.243 1.06803
1158.510 1.06464
1158.777 1.09684
1159.044 1.08642
1159.311 1.08931
1159.578 1.09343
1159.845 1.09841
1160.112 1.11968
1160.379 1.10356
1160.646 1.12491
1160.914 1.13945
1161.181 1.1282
1161.449 1.11653
1161.716 1.12522
1161.983 1.13353
1162.251 1.12651
1162.519 1.1244
1162.787 1.12056
1163.054 1.12942
1163.322 1.12715
1163.590 1.128
1163.858 1.12678
1164.126 1.12066
1164.394 1.12955
1164.662 1.14854
1164.930 1.16292
1165.199 1.15936
1165.467 1.15347
1165.735 1.16777
1166.004 1.15221
1166.272 1.1635
1166.541 1.17202
1166.809 1.17157
1167.078 1.18116
1167.347 1.17412
1167.615 1.18345
1167.885 1.17232
1168.153 1.19193
1168.423 1.18189
1168.692 1.17933
1168.961 1.19878
1169.230 1.19747
1169.499 1.1948
1169.769 1.19508
1170.038 1.20967
1170.307 1.20605
1170.577 1.20552
1170.847 1.21649
1171.116 1.22274
1171.385 1.24842
1171.656 1.22494
1171.925 1.2377
1172.195 1.23623
1172.465 1.2512
1172.735 1.26551
1173.005 1.26101
1173.275 1.25211
1173.546 1.25758
1173.816 1.28385
1174.086 1.27963
1174.356 1.25856
1174.627 1.25527
1174.897 1.23555
1175.168 1.26167
1175.439 1.26562
1175.709 1.27972
1175.980 1.29449
1176.251 1.29726
1176.522 1.26983
1176.793 1.27473
1177.063 1.26918
1177.335 1.27986
1177.606 1.29686
1177.877 1.28953
1178.148 1.28491
1178.420 1.30082
1178.691 1.30706
1178.962 1.29855
1179.234 1.30385
1179.505 1.28866
1179.777 1.29239
1180.049 1.31143
1180.321 1.31981
1180.592 1.31975
1180.864 1.32161
1181.136 1.32718
1181.408 1.34166
1181.680 1.33776
1181.952 1.32167
1182.225 1.32551
1182.497 1.32755
1182.769 1.32881
1183.041 1.36015
1183.314 1.35576
1183.586 1.36767
1183.859 1.36055
1184.132 1.39142
1184.404 1.41252
1184.677 1.39192
1184.950 1.39857
1185.222 1.41403
1185.496 1.44557
1185.768 1.44122
1186.042 1.43082
1186.315 1.45458
1186.588 1.47881
1186.861 1.4744
1187.134 1.47287
1187.408 1.48993
1187.681 1.49687
1187.955 1.50835
1188.228 1.51781
1188.502 1.51317
1188.776 1.5094
1189.049 1.5091
1189.323 1.54642
1189.597 1.56579
1189.871 1.57286
1190.145 1.59269
1190.420 1.57753
1190.693 1.57178
1190.968 1.59195
1191.242 1.61262
1191.516 1.59766
1191.791 1.60555
1192.065 1.60032
1192.340 1.62166
1192.614 1.6633
1192.889 1.67394
1193.164 1.68008
1193.438 1.65032
1193.713 1.6786
1193.988 1.72752
1194.263 1.76423
1194.538 1.7584
1194.813 1.74457
1195.088 1.72932
1195.363 1.7254
1195.639 1.74675
1195.914 1.75389
1196.190 1.78538
1196.465 1.79493
1196.741 1.81933
1197.016 1.84255
1197.291 1.84501
1197.568 1.85172
1197.843 1.87003
1198.119 1.88704
1198.395 1.88692
1198.671 1.88461
1198.947 1.92133
1199.223 1.94463
1199.499 1.97586
1199.775 2.00695
1200.052 2.04785
1200.328 2.01287
1200.605 2.03196
1200.881 2.05479
1201.157 2.10414
1201.434 2.12514
1201.711 2.14249
1201.988 2.15327
1202.264 2.17923
1202.542 2.22225
1202.818 2.21391
1203.095 2.21284
1203.372 2.24888
1203.649 2.24449
1203.927 2.26063
1204.204 2.32601
1204.481 2.37901
1204.758 2.39277
1205.036 2.39076
1205.313 2.37842
1205.591 2.42904
1205.869 2.42224
1206.146 2.46649
1206.424 2.52645
1206.702 2.56478
1206.979 2.60826
1207.258 2.6187
1207.535 2.64074
1207.814 2.67609
1208.092 2.74092
1208.370 2.83735
1208.648 2.84694
1208.926 2.86058
1209.205 2.88684
1209.483 2.92459
1209.762 2.92182
1210.041 3.00152
1210.320 3.01673
1210.598 3.07066
1210.876 3.09319
1211.156 3.12896
1211.434 3.17419
1211.714 3.2394
1211.992 3.24245
1212.272 3.25098
1212.551 3.32105
1212.830 3.4588
1213.109 3.49841
1213.388 3.53429
1213.668 3.52102
1213.948 3.53528
1214.227 3.54612
1214.507 3.59845
1214.786 3.642
1215.066 3.64073
1215.346 3.64561
1215.626 3.67546
1215.906 3.67541
1216.186 3.65682
1216.466 3.66449
1216.746 3.6434
1217.026 3.63995
1217.306 3.59857
1217.587 3.57665
1217.867 3.53301
1218.148 3.49494
1218.428 3.44313
1218.708 3.42262
1218.990 3.3362
1219.270 3.31476
1219.551 3.28349
1219.832 3.19167
1220.113 3.14399
1220.394 3.11627
1220.674 3.08664
1220.956 3.05376
1221.237 3.02564
1221.518 3.00721
1221.799 2.94938
1222.081 2.93289
1222.362 2.90765
1222.643 2.85408
1222.925 2.82395
1223.207 2.81698
1223.489 2.78322
1223.770 2.77399
1224.052 2.74644
1224.334 2.72099
1224.616 2.70425
1224.898 2.67278
1225.180 2.6519
1225.462 2.6603
1225.744 2.63012
1226.027 2.61995
1226.309 2.60446
1226.591 2.56811
1226.874 2.57546
1227.156 2.56857
1227.439 2.5643
1227.722 2.56631
1228.005 2.54446
1228.287 2.54407
1228.570 2.53602
1228.853 2.53551
1229.136 2.52436
1229.419 2.5125
1229.702 2.54294
1229.986 2.53564
1230.269 2.51014
1230.552 2.50606
1230.835 2.50347
1231.118 2.52107
1231.402 2.51665
1231.686 2.50071
1231.970 2.50103
1232.253 2.49171
1232.537 2.50329
1232.821 2.51199
1233.104 2.51921
1233.389 2.5209
1233.672 2.51947
1233.957 2.51951
1234.241 2.51685
1234.525 2.50051
1234.809 2.51233
1235.094 2.52662
1235.378 2.51279
1235.662 2.48854
1235.948 2.48841
1236.232 2.49572
1236.517 2.48549
1236.801 2.4977
1237.087 2.50038
1237.371 2.46855
1237.656 2.44695
1237.941 2.46761
1238.226 2.44728
1238.511 2.4339
1238.796 2.43552
1239.082 2.41176
1239.367 2.39912
1239.652 2.38978
1239.938 2.37477
1240.223 2.33438
1240.509 2.31046
1240.795 2.31455
1241.081 2.29385
1241.366 2.26153
1241.652 2.24282
1241.938 2.21791
1242.224 2.21104
1242.510 2.1641
1242.796 2.13189
1243.083 2.12328
1243.369 2.09104
1243.655 2.05917
1243.942 2.04569
1244.228 2.02127
1244.515 2.00351
1244.801 1.99436
1245.088 1.94752
1245.375 1.94235
1245.661 1.93058
1245.948 1.89624
1246.235 1.87689
1246.522 1.87241
1246.809 1.8568
1247.096 1.83126
1247.383 1.83139
1247.670 1.8062
1247.958 1.80213
1248.245 1.79197
1248.533 1.78633
1248.820 1.77957
1249.108 1.7721
1249.396 1.74905
1249.683 1.73086
1249.971 1.72589
1250.259 1.72023
1250.547 1.71368
1250.835 1.70035
1251.123 1.69142
1251.411 1.68002
1251.699 1.66852
1251.987 1.67168
1252.276 1.66356
1252.564 1.66396
1252.852 1.64044
1253.141 1.63129
1253.430 1.6183
1253.718 1.61281
1254.007 1.61262
1254.296 1.60845
1254.585 1.59079
1254.873 1.60123
1255.163 1.6047
1255.452 1.5881
1255.740 1.57692
1256.030 1.56546
1256.319 1.56571
1256.609 1.56311
1256.898 1.56997
1257.188 1.57202
1257.477 1.55309
1257.766 1.55209
1258.056 1.5523
1258.345 1.53264
1258.636 1.54402
1258.925 1.54379
1259.215 1.53113
1259.505 1.53148
1259.795 1.52887
1260.085 1.53498
1260.375 1.51716
1260.666 1.52056
1260.956 1.52096
1261.247 1.51649
1261.537 1.5088
1261.827 1.51407
1262.118 1.50903
1262.408 1.51008
1262.699 1.49859
1262.990 1.49774
1263.281 1.49478
1263.572 1.4921
1263.863 1.48406
1264.154 1.4708
1264.445 1.46591
1264.736 1.46065
1265.027 1.44992
1265.319 1.45003
1265.610 1.45078
1265.901 1.43536
1266.193 1.43809
1266.484 1.43238
1266.776 1.42154
1267.068 1.41871
1267.360 1.40192
1267.652 1.39707
1267.943 1.39819
1268.236 1.38361
1268.527 1.37641
1268.820 1.37573
1269.112 1.36623
1269.404 1.36664
1269.697 1.35679
1269.989 1.35587
1270.281 1.34348
1270.574 1.33587
1270.867 1.32686
1271.159 1.33134
1271.452 1.31791
1271.745 1.31773
1272.037 1.30602
1272.331 1.29989
1272.623 1.29755
1272.917 1.29732
1273.210 1.29419
1273.503 1.28711
1273.796 1.27124
1274.089 1.2809
1274.383 1.26855
1274.676 1.25928
1274.970 1.26486
1275.263 1.25985
1275.557 1.2629
1275.851 1.25772
1276.144 1.24914
1276.439 1.24273
1276.732 1.23986
1277.027 1.24619
1277.320 1.23591
1277.615 1.2386
1277.909 1.2265
1278.204 1.2327
1278.498 1.22648
1278.792 1.22417
1279.087 1.2243
1279.381 1.22227
1279.676 1.22518
1279.970 1.21868
1280.266 1.22138
1280.560 1.2191
1280.855 1.22121
1281.150 1.22324
1281.445 1.21453
1281.740 1.21826
1282.035 1.22089
1282.331 1.21684
1282.626 1.21165
1282.922 1.20602
1283.217 1.20836
1283.512 1.20848
1283.808 1.2055
1284.103 1.21094
1284.399 1.21441
1284.695 1.21168
1284.991 1.21141
1285.287 1.21286
1285.582 1.21488
1285.879 1.2139
1286.175 1.21183
1286.471 1.20763
1286.767 1.21817
1287.064 1.21144
1287.360 1.21146
1287.656 1.20453
1287.953 1.21209
1288.249 1.20846
1288.546 1.20623
1288.843 1.21211
1289.140 1.22115
1289.437 1.22488
1289.733 1.21322
1290.031 1.20756
1290.327 1.2192
1290.625 1.22106
1290.922 1.21537
1291.219 1.21732
1291.516 1.2259
1291.814 1.22045
1292.112 1.23078
1292.409 1.23574
1292.707 1.22325
1293.004 1.23606
1293.302 1.23317
1293.600 1.23799
1293.897 1.23778
1294.196 1.24539
1294.494 1.24595
1294.792 1.25612
1295.090 1.25335
1295.389 1.25586
1295.687 1.25757
1295.985 1.26286
1296.283 1.25806
1296.582 1.26153
1296.881 1.27185
1297.179 1.26939
1297.478 1.26273
1297.777 1.28117
1298.075 1.28695
1298.375 1.27864
1298.673 1.29472
1298.973 1.29421
1299.271 1.29306
1299.571 1.29384
1299.870 1.29962
1300.169 1.30983
1300.469 1.29763
1300.768 1.31111
1301.068 1.31058
1301.367 1.30792
1301.667 1.3118
1301.967 1.31404
1302.266 1.31655
1302.567 1.32416
1302.866 1.33062
1303.167 1.32982
1303.467 1.32659
1303.767 1.32674
1304.067 1.33669
1304.367 1.32635
1304.668 1.32756
1304.968 1.32974
1305.269 1.33246
1305.569 1.32295
1305.870 1.31839
1306.171 1.32238
1306.471 1.31497
1306.772 1.30415
1307.073 1.31128
1307.375 1.30569
1307.675 1.29769
1307.977 1.30068
1308.278 1.29279
1308.579 1.29268
1308.880 1.28421
1309.182 1.28463
1309.483 1.27561
1309.785 1.27243
1310.087 1.26364
1310.388 1.25906
1310.689 1.25284
1310.992 1.25715
1311.293 1.24844
1311.596 1.24266
1311.897 1.24219
1312.200 1.23838
1312.502 1.23548
1312.804 1.22611
1313.107 1.21998
1313.409 1.22322
1313.711 1.20877
1314.014 1.21415
1314.317 1.21213
1314.619 1.20916
1314.922 1.19386
1315.225 1.19848
1315.527 1.19665
1315.831 1.2024
1316.133 1.19378
1316.437 1.1932
1316.740 1.19258
1317.043 1.18204
1317.346 1.18683
1317.649 1.17398
1317.953 1.16977
1318.256 1.17574
1318.560 1.17206
1318.864 1.17234
1319.167 1.17731
1319.471 1.16985
1319.775 1.16958
1320.079 1.17508
1320.383 1.16832
1320.687 1.17274
1320.991 1.17568
1321.295 1.16068
1321.600 1.16814
1321.904 1.16859
1322.209 1.17073
1322.513 1.16516
1322.818 1.1748
1323.122 1.17515
1323.427 1.16428
1323.732 1.16606
1324.036 1.17388
1324.342 1.165
1324.646 1.17448
1324.952 1.16951
1325.256 1.1731
1325.562 1.17943
1325.867 1.17839
1326.172 1.1809
1326.478 1.18203
1326.783 1.17735
1327.089 1.18303
1327.394 1.18852
1327.700 1.18722
1328.006 1.19716
1328.312 1.19115
1328.618 1.19658
1328.923 1.19856
1329.230 1.19501
1329.535 1.21137
1329.842 1.20598
1330.148 1.20884
1330.455 1.21963
1330.761 1.22945
1331.067 1.22297
1331.374 1.22297
1331.680 1.22154
1331.987 1.23295
1332.294 1.22694
1332.601 1.23507
1332.907 1.23415
1333.214 1.23754
1333.521 1.23074
1333.828 1.23094
1334.136 1.22858
1334.443 1.23657
1334.750 1.23676
1335.057 1.23116
1335.365 1.23289
1335.672 1.2404
1335.980 1.23441
1336.288 1.23023
1336.595 1.22067
1336.904 1.22509
1337.211 1.22073
1337.519 1.21858
1337.827 1.22564
1338.135 1.22143
1338.443 1.21748
1338.751 1.20976
1339.060 1.20819
1339.368 1.2106
1339.676 1.20744
1339.985 1.20438
1340.293 1.19695
1340.603 1.19473
1340.911 1.19629
1341.220 1.19871
1341.529 1.1937
1341.837 1.19324
1342.147 1.18901
1342.455 1.19171
1342.765 1.19456
1343.074 1.18552
1343.384 1.18685
1343.693 1.18395
1344.002 1.18513
1344.312 1.18328
1344.621 1.17968
1344.931 1.18289
1345.240 1.18038
1345.551 1.16576
1345.860 1.17516
1346.170 1.17559
1346.480 1.16961
1346.790 1.16417
1347.101 1.15956
1347.410 1.16003
1347.721 1.16581
1348.031 1.17172
1348.341 1.16879
1348.652 1.16675
1348.963 1.16415
1349.274 1.16061
1349.584 1.16266
1349.895 1.16187
1350.206 1.16036
1350.516 1.16636
1350.828 1.15494
1351.139 1.15511
1351.450 1.16041
1351.761 1.15274
1352.073 1.15956
1352.384 1.15826
1352.695 1.15769
1353.007 1.15458
1353.318 1.15191
1353.630 1.16047
1353.942 1.1563
1354.254 1.14896
1354.565 1.1573
1354.877 1.15602
1355.189 1.15766
1355.501 1.16254
1355.814 1.15478
1356.125 1.15763
1356.438 1.15757
1356.750 1.15625
1357.063 1.15681
1357.375 1.16472
1357.688 1.16189
1358.001 1.15388
1358.313 1.15365
1358.626 1.15593
1358.939 1.15072
1359.251 1.16887
1359.565 1.1612
1359.878 1.16177
1360.191 1.16942
1360.504 1.1641
1360.818 1.16717
1361.131 1.16847
1361.444 1.16684
1361.758 1.16641
1362.071 1.17391
1362.385 1.16526
1362.699 1.16909
1363.013 1.16821
1363.327 1.17218
1363.640 1.17383
1363.955 1.17305
1364.269 1.17687
1364.583 1.1737
1364.897 1.17654
1365.212 1.17741
1365.526 1.16934
1365.840 1.17842
1366.155 1.17717
1366.469 1.17466
1366.784 1.16506
1367.099 1.17129
1367.414 1.17262
1367.729 1.17527
1368.043 1.18312
1368.359 1.18356
1368.673 1.17508
1368.989 1.17274
1369.304 1.17582
1369.620 1.17773
1369.935 1.18067
1370.250 1.17663
1370.566 1.18099
1370.881 1.1858
1371.197 1.18934
1371.513 1.18703
1371.829 1.19272
1372.145 1.19106
1372.461 1.18991
1372.777 1.19032
1373.093 1.19228
1373.409 1.1912
1373.725 1.19157
1374.042 1.20332
1374.358 1.21135
1374.675 1.20365
1374.991 1.21209
1375.308 1.21308
1375.625 1.21184
1375.941 1.21568
1376.259 1.21274
1376.575 1.21081
1376.893 1.2161
1377.209 1.22019
1377.527 1.21996
1377.844 1.22253
1378.161 1.22463
1378.479 1.23376
1378.796 1.23087
1379.114 1.23146
1379.431 1.23127
1379.749 1.24092
1380.066 1.24253
1380.384 1.24349
1380.702 1.24742
1381.020 1.25404
1381.338 1.24901
1381.656 1.25768
1381.975 1.27232
1382.292 1.27017
1382.611 1.26911
1382.929 1.27714
1383.248 1.28003
1383.566 1.28607
1383.885 1.28645
1384.204 1.29678
1384.522 1.29913
1384.841 1.30032
1385.160 1.31146
1385.479 1.31441
1385.798 1.31755
1386.117 1.32634
1386.437 1.32906
1386.756 1.33679
1387.075 1.33347
1387.395 1.34199
1387.714 1.34919
1388.034 1.35884
1388.353 1.36035
1388.673 1.36483
1388.993 1.3757
1389.312 1.37894
1389.633 1.37978
1389.952 1.38373
1390.273 1.38238
1390.593 1.3899
1390.913 1.39668
1391.233 1.39476
1391.553 1.40164
1391.874 1.39515
1392.194 1.40131
1392.515 1.40267
1392.836 1.40764
1393.157 1.41069
1393.478 1.41082
1393.798 1.4051
1394.119 1.41391
1394.440 1.4105
1394.762 1.40762
1395.083 1.4143
1395.404 1.41819
1395.725 1.40631
1396.046 1.41753
1396.368 1.41609
1396.689 1.41848
1397.012 1.41669
1397.333 1.42221
1397.655 1.43081
1397.977 1.42493
1398.298 1.42872
1398.621 1.4276
1398.943 1.41894
1399.265 1.42419
1399.587 1.42682
1399.910 1.4221
1400.232 1.4145
1400.554 1.41065
1400.877 1.41016
1401.199 1.40607
1401.522 1.40079
1401.845 1.39812
1402.168 1.38561
1402.490 1.37871
1402.813 1.37571
1403.137 1.37692
1403.459 1.36125
1403.783 1.34673
1404.106 1.34473
1404.430 1.34355
1404.753 1.33851
1405.076 1.32171
1405.400 1.31989
1405.723 1.30912
1406.047 1.30658
1406.371 1.30419
1406.695 1.29285
1407.019 1.29088
1407.343 1.28072
1407.667 1.2773
1407.991 1.27998
1408.316 1.25986
1408.640 1.26088
1408.964 1.2613
1409.289 1.24774
1409.613 1.24557
1409.938 1.23916
1410.262 1.22854
1410.587 1.22496
1410.912 1.22074
1411.237 1.22061
1411.562 1.21144
1411.887 1.2071
1412.212 1.21426
1412.537 1.20528
1412.863 1.20546
1413.188 1.18735
1413.514 1.18768
1413.839 1.18974
1414.164 1.18842
1414.490 1.18046
1414.816 1.18231
1415.142 1.1815
1415.467 1.17881
1415.794 1.17043
1416.120 1.17444
1416.445 1.1741
1416.772 1.17966
1417.098 1.16463
1417.425 1.16304
1417.751 1.1582
1418.078 1.15138
1418.404 1.14324
1418.730 1.14671
1419.057 1.15838
1419.384 1.1579
1419.711 1.14671
1420.038 1.14317
1420.365 1.14105
1420.692 1.14079
1421.019 1.1372
1421.346 1.13633
1421.673 1.13489
1422.001 1.12545
1422.328 1.13182
1422.656 1.13659
1422.984 1.12909
1423.312 1.13176
1423.639 1.12134
1423.967 1.11818
1424.295 1.12221
1424.623 1.11927
1424.951 1.12379
1425.279 1.11201
1425.608 1.10743
1425.936 1.11312
1426.265 1.11113
1426.593 1.11391
1426.921 1.11426
1427.250 1.10693
1427.578 1.10997
1427.907 1.1144
1428.236 1.10878
1428.565 1.10529
1428.894 1.10537
1429.223 1.10184
1429.552 1.10078
1429.881 1.09924
1430.211 1.10071
1430.540 1.09358
1430.870 1.09365
1431.199 1.09631
1431.528 1.10119
1431.858 1.09421
1432.188 1.09011
1432.518 1.09097
1432.847 1.08979
1433.178 1.08805
1433.507 1.08811
1433.837 1.08725
1434.168 1.09228
1434.498 1.08364
1434.829 1.08214
1435.159 1.08351
1435.490 1.08513
1435.820 1.08279
1436.150 1.07807
1436.481 1.07859
1436.812 1.07176
1437.143 1.08469
1437.474 1.0801
1437.805 1.07857
1438.136 1.07723
1438.467 1.07886
1438.799 1.08129
1439.130 1.06888
1439.461 1.07147
1439.792 1.07358
1440.125 1.08529
1440.456 1.07225
1440.787 1.0733
1441.120 1.0688
1441.451 1.06281
1441.783 1.06415
1442.115 1.06026
1442.448 1.06417
1442.779 1.0707
1443.111 1.06764
1443.444 1.06722
1443.776 1.06517
1444.109 1.06287
1444.441 1.06436
1444.774 1.06274
1445.107 1.06239
1445.439 1.06165
1445.773 1.0509
1446.105 1.05316
1446.439 1.06408
1446.771 1.06057
1447.105 1.06012
1447.438 1.05701
1447.771 1.0636
1448.105 1.06118
1448.438 1.067
1448.772 1.06266
1449.105 1.05782
1449.439 1.0558
1449.773 1.06449
1450.106 1.06638
1450.441 1.05871
1450.774 1.06489
1451.109 1.06425
1451.443 1.06312
1451.777 1.07457
1452.111 1.06652
1452.445 1.05341
1452.780 1.06841
1453.115 1.06072
1453.450 1.05893
1453.784 1.06309
1454.119 1.0651
1454.454 1.06282
1454.788 1.06544
1455.124 1.0621
1455.459 1.06515
1455.794 1.06466
1456.129 1.06602
1456.465 1.06056
1456.800 1.06862
1457.135 1.06621
1457.471 1.06226
1457.806 1.06783
1458.143 1.06386
1458.478 1.06589
1458.814 1.06172
1459.150 1.06656
1459.486 1.06984
1459.822 1.0587
1460.158 1.06618
1460.495 1.06663
1460.831 1.06465
1461.168 1.06444
1461.504 1.05987
1461.840 1.06032
1462.177 1.06417
1462.513 1.0641
1462.851 1.06143
1463.187 1.06183
1463.525 1.06385
1463.861 1.06311
1464.198 1.06783
1464.536 1.06516
1464.873 1.06965
1465.210 1.06428
1465.547 1.06508
1465.885 1.06447
1466.223 1.05973
1466.560 1.06786
1466.898 1.06985
1467.236 1.07065
1467.574 1.06051
1467.912 1.06313
1468.250 1.06469
1468.588 1.07033
1468.926 1.06826
1469.264 1.0653
1469.602 1.0706
1469.941 1.06865
1470.279 1.07267
1470.618 1.06985
1470.957 1.06801
1471.295 1.07243
1471.635 1.06628
1471.973 1.06777
1472.313 1.06639
1472.651 1.07313
1472.991 1.06912
1473.330 1.07477
1473.668 1.07175
1474.008 1.06638
1474.347 1.07096
1474.688 1.07132
1475.027 1.07714
1475.367 1.08025
1475.706 1.07296
1476.047 1.07612
1476.386 1.08287
1476.726 1.07618
1477.066 1.07677
1477.406 1.07899
1477.747 1.08497
1478.087 1.07843
1478.427 1.08186
1478.768 1.07882
1479.109 1.08398
1479.449 1.08191
1479.789 1.08826
1480.130 1.08905
1480.471 1.08292
1480.812 1.08399
1481.153 1.08877
1481.495 1.08964
1481.835 1.08904
1482.176 1.08892
1482.518 1.09097
1482.859 1.09804
1483.201 1.09535
1483.542 1.09681
1483.884 1.09204
1484.226 1.08806
1484.567 1.0985
1484.910 1.08764
1485.251 1.09479
1485.594 1.10451
1485.935 1.09711
1486.278 1.09261
1486.620 1.10287
1486.962 1.09631
1487.305 1.09186
1487.647 1.0956
1487.990 1.09283
1488.332 1.10023
1488.676 1.10221
1489.018 1.09796
1489.361 1.09587
1489.704 1.10572
1490.047 1.10391
1490.390 1.09911
1490.733 1.11571
1491.077 1.11844
1491.420 1.10709
1491.763 1.11009
1492.107 1.11764
1492.450 1.11452
1492.794 1.10955
1493.138 1.11679
1493.482 1.11944
1493.826 1.11616
1494.169 1.10935
1494.514 1.11789
1494.858 1.12597
1495.203 1.12325
1495.547 1.12644
1495.891 1.12744
1496.235 1.12457
1496.580 1.13167
1496.925 1.13083
1497.269 1.12913
1497.615 1.13103
1497.959 1.12753
1498.304 1.13507
1498.649 1.13678
1498.994 1.13893
1499.339 1.13865
1499.684 1.14288
1500.030 1.14192
1500.375 1.14641
1500.721 1.14352
1501.067 1.13974
1501.412 1.14724
1501.758 1.1507
1502.104 1.14418
1502.450 1.15273
1502.796 1.15656
1503.142 1.15834
1503.488 1.14691
1503.834 1.15255
1504.181 1.14955
1504.527 1.14767
1504.874 1.15871
1505.220 1.16206
1505.567 1.15862
1505.913 1.15888
1506.260 1.16533
1506.607 1.17234
1506.954 1.17558
1507.301 1.16556
1507.648 1.17365
1507.995 1.1784
1508.342 1.17887
1508.689 1.17947
1509.037 1.18253
1509.384 1.17898
1509.733 1.18077
1510.080 1.19348
1510.428 1.18996
1510.776 1.19598
1511.123 1.20197
1511.471 1.19912
1511.819 1.2024
1512.168 1.20166
1512.516 1.21063
1512.865 1.21378
1513.213 1.21636
1513.561 1.21651
1513.910 1.21858
1514.258 1.22094
1514.607 1.22936
1514.956 1.23109
1515.305 1.23329
1515.654 1.23933
1516.002 1.24312
1516.352 1.24223
1516.701 1.24635
1517.050 1.25395
1517.399 1.24897
1517.749 1.26557
1518.098 1.27282
1518.448 1.27088
1518.798 1.28544
1519.147 1.2808
1519.498 1.29193
1519.847 1.29966
1520.198 1.30098
1520.547 1.29902
1520.897 1.3106
1521.248 1.32293
1521.598 1.32167
1521.949 1.32854
1522.299 1.33877
1522.650 1.34253
1523.000 1.35372
1523.350 1.36227
1523.702 1.3645
1524.052 1.36702
1524.404 1.36926
1524.754 1.38334
1525.106 1.3866
1525.457 1.39667
1525.808 1.40821
1526.160 1.41218
1526.511 1.42309
1526.863 1.42582
1527.214 1.43889
1527.566 1.44919
1527.917 1.45518
1528.269 1.45459
1528.621 1.47031
1528.973 1.48564
1529.326 1.49103
1529.677 1.49522
1530.030 1.50813
1530.382 1.51979
1530.735 1.51425
1531.087 1.52608
1531.439 1.54327
1531.793 1.54417
1532.145 1.55863
1532.498 1.56625
1532.851 1.56564
1533.204 1.58502
1533.557 1.59857
1533.911 1.60153
1534.264 1.61508
1534.616 1.62
1534.970 1.62507
1535.323 1.62928
1535.678 1.65006
1536.031 1.66064
1536.385 1.67412
1536.739 1.69189
1537.092 1.69279
1537.446 1.70093
1537.800 1.73398
1538.155 1.7258
1538.509 1.74144
1538.863 1.75059
1539.217 1.7637
1539.572 1.76892
1539.927 1.77651
1540.281 1.79642
1540.636 1.78108
1540.990 1.80974
1541.346 1.81901
1541.700 1.8203
1542.055 1.84182
1542.411 1.83098
1542.765 1.84482
1543.121 1.84553
1543.476 1.84953
1543.832 1.8591
1544.187 1.84471
1544.542 1.84436
1544.899 1.85067
1545.254 1.85664
1545.610 1.85924
1545.966 1.8498
1546.323 1.83677
1546.678 1.84145
1547.034 1.82368
1547.391 1.83082
1547.747 1.82494
1548.104 1.80546
1548.460 1.80252
1548.817 1.78952
1549.173 1.78143
1549.530 1.75943
1549.887 1.74083
1550.243 1.73201
1550.601 1.71799
1550.958 1.68905
1551.315 1.69115
1551.672 1.66086
1552.029 1.64628
1552.387 1.6237
1552.744 1.62933
1553.102 1.60357
1553.459 1.58087
1553.818 1.57094
1554.175 1.5551
1554.533 1.5481
1554.891 1.52353
1555.249 1.51576
1555.607 1.49359
1555.965 1.48319
1556.324 1.46754
1556.682 1.45162
1557.040 1.43604
1557.399 1.42606
1557.758 1.41589
1558.117 1.40387
1558.475 1.40311
1558.835 1.38637
1559.193 1.37635
1559.552 1.36457
1559.912 1.3484
1560.270 1.35356
1560.630 1.34284
1560.989 1.32942
1561.349 1.32167
1561.708 1.32128
1562.068 1.3139
1562.428 1.30475
1562.787 1.29867
1563.148 1.28557
1563.507 1.27884
1563.868 1.27107
1564.228 1.27195
1564.587 1.26416
1564.948 1.25602
1565.308 1.25326
1565.669 1.24427
1566.029 1.24838
1566.391 1.2433
1566.751 1.23061
1567.111 1.23034
1567.473 1.22585
1567.833 1.21618
1568.195 1.21607
1568.556 1.21157
1568.917 1.2061
1569.278 1.20112
1569.639 1.20145
1570.001 1.20217
1570.362 1.19794
1570.724 1.18224
1571.086 1.1878
1571.448 1.18655
1571.810 1.1823
1572.171 1.17948
1572.534 1.16776
1572.896 1.17486
1573.258 1.17064
1573.620 1.17118
1573.983 1.1663
1574.345 1.16414
1574.707 1.15844
1575.070 1.15224
1575.433 1.15693
1575.796 1.1532
1576.158 1.14785
1576.522 1.14634
1576.885 1.14848
1577.247 1.15111
1577.611 1.14357
1577.974 1.14304
1578.338 1.14071
1578.701 1.13321
1579.065 1.1328
1579.428 1.12526
1579.792 1.12128
1580.156 1.12259
1580.519 1.12489
1580.884 1.12351
1581.248 1.12306
1581.612 1.12612
1581.976 1.11797
1582.340 1.11692
1582.705 1.11841
1583.069 1.11331
1583.434 1.10831
1583.798 1.11115
1584.164 1.11095
1584.528 1.11058
1584.892 1.11087
1585.258 1.10412
1585.623 1.10281
1585.988 1.10543
1586.353 1.11255
1586.719 1.10413
1587.084 1.10124
1587.450 1.10258
1587.815 1.09676
1588.180 1.09759
1588.547 1.09616
1588.912 1.09867
1589.279 1.10408
1589.644 1.09665
1590.011 1.09695
1590.376 1.09736
1590.743 1.09929
1591.109 1.09383
1591.475 1.10064
1591.842 1.09425
1592.208 1.09271
1592.575 1.10035
1592.942 1.0898
1593.309 1.09121
1593.676 1.09131
1594.042 1.09226
1594.410 1.08934
1594.777 1.08651
1595.145 1.0939
1595.511 1.08953
1595.879 1.09168
1596.247 1.09347
1596.614 1.09204
1596.982 1.09322
1597.349 1.09137
1597.718 1.08965
1598.085 1.08823
1598.454 1.09026
1598.821 1.09594
1599.189 1.09047
1599.558 1.09644
1599.926 1.09115
1600.295 1.09595
1600.663 1.09589
1601.032 1.09202
1601.401 1.09466
1601.769 1.09251
1602.138 1.09147
1602.507 1.09234
1602.876 1.09106
1603.245 1.09451
1603.615 1.09061
1603.984 1.09497
1604.353 1.09268
1604.723 1.09159
1605.092 1.08827
1605.462 1.08761
1605.831 1.09977
1606.202 1.09709
1606.571 1.09221
1606.941 1.09705
1607.311 1.09323
1607.681 1.08667
1608.052 1.08558
1608.422 1.0928
1608.793 1.09995
1609.163 1.09769
1609.533 1.08813
1609.904 1.08941
1610.274 1.09072
1610.646 1.09206
1611.016 1.08962
1611.388 1.09726
1611.758 1.10116
1612.129 1.08804
1612.501 1.08966
1612.872 1.08918
1613.244 1.08831
1613.615 1.09433
1613.987 1.09238
1614.358 1.09125
1614.730 1.09825
1615.102 1.08935
1615.474 1.08819
1615.846 1.08999
1616.218 1.0888
1616.591 1.09379
1616.962 1.09577
1617.334 1.08915
1617.707 1.09286
1618.080 1.0953
1618.453 1.0945
1618.825 1.08898
1619.198 1.09033
1619.571 1.09809
1619.943 1.09177
1620.317 1.09471
1620.690 1.09535
1621.063 1.08701
1621.436 1.09606
1621.810 1.09806
1622.183 1.0925
1622.557 1.09727
1622.931 1.09721
1623.304 1.09024
1623.678 1.0939
1624.052 1.09102
1624.426 1.09288
1624.800 1.0934
1625.174 1.09109
1625.549 1.09801
1625.923 1.09602
1626.297 1.09493
1626.672 1.1004
1627.047 1.09967
1627.421 1.09554
1627.795 1.09815
1628.171 1.0994
1628.545 1.09533
1628.921 1.09936
1629.296 1.10584
1629.671 1.10154
1630.046 1.10334
1630.421 1.10043
1630.797 1.09544
1631.172 1.1075
1631.548 1.10747
1631.924 1.10434
1632.300 1.10917
1632.676 1.10577
1633.051 1.10331
1633.428 1.10329
1633.804 1.10189
1634.180 1.10615
1634.556 1.10761
1634.933 1.10768
1635.309 1.1078
1635.686 1.10663
1636.063 1.10545
1636.439 1.11289
1636.816 1.0954
1637.193 1.09773
1637.571 1.09696
1637.947 1.10395
1638.324 1.09532
1638.702 1.09695
1639.079 1.09519
1639.457 1.08932
1639.834 1.09574
1640.212 1.08713
1640.589 1.08819
1640.967 1.07921
1641.345 1.08229
1641.723 1.0882
1642.101 1.07848
1642.479 1.07641
1642.858 1.08067
1643.236 1.07286
1643.614 1.07476
1643.993 1.06981
1644.371 1.06975
1644.750 1.06303
1645.129 1.06479
1645.508 1.05996
1645.887 1.06327
1646.266 1.05797
1646.645 1.06146
1647.024 1.05654
1647.403 1.05696
1647.782 1.05667
1648.162 1.06045
1648.542 1.06565
1648.922 1.05477
1649.301 1.05452
1649.681 1.05318
1650.061 1.05117
1650.440 1.05522
1650.821 1.05878
1651.201 1.06125
1651.582 1.05926
1651.962 1.05693
1652.343 1.06247
1652.723 1.05638
1653.103 1.05994
1653.484 1.0561
1653.864 1.05662
1654.246 1.06079
1654.626 1.05513
1655.008 1.05608
1655.389 1.06127
1655.769 1.05791
1656.151 1.06386
1656.532 1.06198
1656.914 1.05722
1657.295 1.06262
1657.678 1.06943
1658.059 1.06375
1658.440 1.05797
1658.823 1.06223
1659.204 1.06226
1659.587 1.06588
1659.969 1.05941
1660.352 1.05633
1660.734 1.06383
1661.116 1.06332
1661.499 1.05713
1661.881 1.0566
1662.264 1.05609
1662.646 1.06186
1663.030 1.05831
1663.412 1.05616
1663.795 1.05518
1664.179 1.06028
1664.562 1.05135
1664.946 1.05408
1665.328 1.04454
1665.713 1.05158
1666.096 1.04681
1666.479 1.04591
1666.863 1.04583
1667.247 1.0476
1667.631 1.04513
1668.015 1.0396
1668.399 1.03614
1668.783 1.03324
1669.167 1.03129
1669.552 1.03654
1669.936 1.03341
1670.321 1.02769
1670.706 1.03078
1671.091 1.02674
1671.475 1.02594
1671.860 1.0201
1672.245 1.01825
1672.630 1.01636
1673.016 1.01201
1673.401 1.014
1673.786 1.00976
1674.172 1.00832
1674.557 1.00364
1674.943 0.999359
1675.328 1.00086
1675.714 1.00323
1676.100 0.999927
1676.486 0.995944
1676.872 0.992299
1677.258 0.996021
1677.645 0.996338
1678.031 0.992015
1678.417 0.989114
1678.804 0.992785
1679.191 0.989733
1679.577 0.984102
1679.964 0.978174
1680.351 0.96888
1680.737 0.980387
1681.125 0.978452
1681.512 0.969781
1681.899 0.973915
1682.286 0.971555
1682.673 0.9678
1683.061 0.969447
1683.449 0.969052
1683.837 0.96693
1684.224 0.964582
1684.613 0.959899
1685.000 0.964455
1685.388 0.959937
1685.776 0.965543
1686.164 0.959846
1686.553 0.964027
1686.941 0.965233
1687.330 0.963148
1687.718 0.960324
1688.106 0.960009
1688.496 0.958657
1688.884 0.95844
1689.274 0.95953
1689.662 0.955897
1690.052 0.961391
1690.441 0.957935
1690.830 0.961826
1691.219 0.955962
1691.609 0.956335
1691.999 0.956422
1692.388 0.956614
1692.778 0.957296
1693.167 0.957737
1693.557 0.953244
1693.948 0.953718
1694.337 0.953742
1694.728 0.957061
1695.118 0.952884
1695.509 0.960648
1695.899 0.956512
1696.289 0.958562
1696.680 0.95194
1697.070 0.958271
1697.462 0.959093
1697.852 0.953667
1698.244 0.959234
1698.634 0.960086
1699.025 0.958452
1699.417 0.963503
1699.808 0.958114
1700.200 0.960649
1700.591 0.963116
1700.983 0.963152
1701.375 0.958095
1701.766 0.956827
1702.158 0.95343
1702.550 0.961175
1702.943 0.962097
1703.334 0.960031
1703.727 0.959424
1704.119 0.965435
1704.511 0.960103
1704.904 0.966848
1705.296 0.970166
1705.689 0.963839
1706.082 0.967061
1706.475 0.97033
1706.868 0.964935
1707.261 0.970547
1707.654 0.969923
1708.047 0.972029
1708.441 0.964692
1708.834 0.969826
1709.228 0.967836
1709.621 0.966577
1710.016 0.97548
1710.409 0.974161
1710.803 0.974077
1711.197 0.970117
1711.591 0.968471
1711.985 0.975322
1712.379 0.974729
1712.774 0.974791
1713.168 0.973911
1713.563 0.978517
1713.957 0.974638
1714.351 0.972423
1714.747 0.981107
1715.141 0.979968
1715.537 0.979003
1715.931 0.979924
1716.327 0.975685
1716.722 0.977588
1717.117 0.980146
1717.513 0.975
1717.908 0.980899
1718.304 0.97598
1718.699 0.977502
1719.096 0.971789
1719.491 0.975709
1719.887 0.978092
1720.283 0.979007
1720.679 0.972442
1721.076 0.977112
1721.472 0.978537
1721.869 0.977754
1722.265 0.97748
1722.661 0.978541
1723.058 0.979631
1723.455 0.976519
1723.852 0.970711
1724.249 0.971811
1724.646 0.976854
1725.043 0.974332
1725.440 0.973317
1725.838 0.974597
1726.235 0.976336
1726.633 0.970899
1727.030 0.972014
1727.428 0.9762
1727.826 0.972868
1728.223 0.969204
1728.622 0.972132
1729.020 0.97111
1729.418 0.970969
1729.816 0.972558
1730.215 0.967995
1730.613 0.964931
1731.011 0.966421
1731.410 0.970007
1731.809 0.968282
1732.208 0.96659
1732.606 0.965189
1733.006 0.961366
1733.405 0.970036
1733.803 0.967
1734.203 0.96678
1734.602 0.967819
1735.002 0.967543
1735.401 0.968626
1735.801 0.969267
1736.201 0.969369
1736.600 0.969414
1737.001 0.975106
1737.400 0.974171
1737.801 0.969687
1738.201 0.97744
1738.601 0.974205
1739.001 0.970132
1739.401 0.974099
1739.803 0.978031
1740.203 0.978099
1740.604 0.983193
1741.005 0.979942
1741.406 0.979776
1741.807 0.980268
1742.207 0.981596
1742.609 0.985156
1743.010 0.981826
1743.412 0.986511
1743.813 0.984656
1744.215 0.981913
1744.616 0.979225
1745.018 0.986619
1745.420 0.987394
1745.822 0.984319
1746.224 0.984416
1746.626 0.986305
1747.029 0.984688
1747.431 0.986142
1747.833 0.982288
1748.236 0.984511
1748.638 0.985404
1749.041 0.976239
1749.443 0.97625
1749.847 0.979704
1750.249 0.975559
1750.652 0.96901
1751.056 0.965843
1751.458 0.968682
1751.862 0.96725
1752.265 0.966263
1752.669 0.965602
1753.073 0.962708
1753.476 0.965702
1753.880 0.961639
1754.284 0.962006
1754.688 0.959548
1755.092 0.956249
1755.497 0.952456
1755.901 0.961906
1756.304 0.956007
1756.709 0.952199
1757.114 0.956968
1757.519 0.952384
1757.923 0.947953
1758.329 0.950463
1758.733 0.950556
1759.138 0.944965
1759.543 0.948944
1759.948 0.945166
1760.354 0.944891
1760.759 0.945714
1761.165 0.942624
1761.570 0.946571
1761.975 0.943373
1762.382 0.948384
1762.787 0.946776
1763.194 0.943825
1763.599 0.938064
1764.006 0.936158
1764.412 0.941388
1764.818 0.940912
1765.224 0.940436
1765.631 0.938777
1766.038 0.936577
1766.444 0.936875
1766.851 0.936518
1767.258 0.93858
1767.664 0.9383
1768.072 0.93664
1768.479 0.936531
1768.886 0.938593
1769.293 0.933869
1769.701 0.936803
1770.109 0.939292
1770.517 0.936188
1770.924 0.934566
1771.331 0.936225
1771.740 0.934912
1772.147 0.937197
1772.556 0.934033
1772.964 0.93577
1773.373 0.937762
1773.781 0.932381
1774.190 0.934699
1774.598 0.933742
1775.006 0.936803
1775.416 0.938398
1775.824 0.934464
1776.233 0.936234
1776.642 0.93374
1777.052 0.93619
1777.461 0.935975
1777.869 0.939162
1778.279 0.943824
1778.688 0.939415
1779.099 0.940373
1779.508 0.942553
1779.918 0.942733
1780.328 0.945816
1780.737 0.944741
1781.148 0.944748
1781.558 0.9475
1781.969 0.945987
1782.378 0.945858
1782.790 0.948778
1783.200 0.946515
1783.610 0.952152
1784.021 0.947668
1784.432 0.949417
1784.843 0.949047
1785.254 0.944175
1785.665 0.947239
1786.076 0.950799
1786.487 0.949765
1786.899 0.944983
1787.310 0.942955
1787.722 0.943307
1788.133 0.939108
1788.546 0.941564
1788.957 0.942691
1789.369 0.938968
1789.781 0.940178
1790.193 0.942034
1790.606 0.93707
1791.018 0.933845
1791.431 0.928984
1791.843 0.931259
1792.255 0.934305
1792.668 0.933186
1793.081 0.928473
1793.494 0.924231
1793.907 0.925569
1794.321 0.926092
1794.733 0.926154
1795.146 0.924425
1795.560 0.923663
1795.973 0.922031
1796.387 0.919767
1796.801 0.920026
1797.215 0.919547
1797.629 0.919711
1798.042 0.915614
1798.457 0.915335
1798.870 0.917194
1799.285 0.916644
1799.699 0.91673
1800.114 0.918923
1800.528 0.912888
1800.943 0.915247
1801.358 0.917706
1801.772 0.913529
1802.188 0.911006
1802.602 0.911572
1803.018 0.91415
1803.433 0.911106
1803.848 0.918237
1804.264 0.91577
1804.679 0.91635
1805.095 0.918498
1805.510 0.918124
1805.926 0.918784
1806.342 0.910206
1806.757 0.918069
1807.174 0.921098
1807.590 0.919603
1808.007 0.918673
1808.422 0.923059
1808.839 0.923102
1809.256 0.923889
1809.672 0.922667
1810.089 0.919876
1810.506 0.915115
1810.923 0.920791
1811.340 0.919516
1811.757 0.923068
1812.174 0.916892
1812.591 0.916492
1813.009 0.918976
1813.426 0.923194
1813.844 0.920796
1814.261 0.92077
1814.680 0.921957
1815.097 0.923253
1815.515 0.91952
1815.934 0.919882
1816.351 0.922761
1816.770 0.923029
1817.188 0.921723
1817.607 0.916842
1818.025 0.921929
1818.444 0.92068
1818.863 0.918391
1819.281 0.915412
1819.701 0.915991
1820.119 0.915701
1820.539 0.915937
1820.958 0.919081
1821.377 0.9121
1821.797 0.910031
1822.216 0.91543
1822.636 0.910157
1823.055 0.911712
1823.476 0.912142
1823.895 0.914427
1824.315 0.913087
1824.736 0.910795
1825.155 0.911676
1825.576 0.912598
1825.996 0.913215
1826.417 0.91465
1826.838 0.907798
1827.258 0.910951
1827.679 0.915697
1828.100 0.916013
1828.521 0.916519
1828.942 0.915414
1829.364 0.915951
1829.784 0.917744
1830.205 0.910865
1830.627 0.914413
1831.048 0.912906
1831.471 0.911001
1831.892 0.914016
1832.314 0.911251
1832.736 0.913846
1833.159 0.916807
1833.580 0.913244
1834.002 0.916091
1834.425 0.921149
1834.847 0.916879
1835.270 0.91916
1835.692 0.920492
1836.116 0.922369
1836.538 0.923056
1836.961 0.923465
1837.384 0.923294
1837.807 0.928097
1838.231 0.929759
1838.654 0.927843
1839.078 0.930138
1839.501 0.926449
1839.925 0.933549
1840.348 0.935943
1840.771 0.937996
1841.196 0.93718
1841.620 0.932146
1842.044 0.939375
1842.468 0.943937
1842.893 0.941759
1843.317 0.943285
1843.741 0.945388
1844.166 0.946536
1844.590 0.94639
1845.016 0.945909
1845.440 0.957213
1845.866 0.95137
1846.290 0.954145
1846.715 0.955182
1847.141 0.964774
1847.566 0.963575
1847.992 0.961646
1848.417 0.969891
1848.843 0.967098
1849.268 0.967561
1849.694 0.968232
1850.120 0.971971
1850.546 0.974779
1850.973 0.975009
1851.399 0.975413
1851.825 0.982469
1852.251 0.984791
1852.678 0.983122
1853.105 0.98204
1853.531 0.987529
1853.958 0.985748
1854.385 0.990478
1854.813 0.992221
1855.239 0.987034
1855.666 0.992181
1856.094 0.991268
1856.521 0.993062
1856.949 0.993841
1857.376 0.994664
1857.805 0.997184
1858.232 0.997253
1858.660 0.990804
1859.088 0.995882
1859.516 0.995003
1859.945 0.995838
1860.373 0.995653
1860.802 0.997926
1861.230 0.997151
1861.658 0.994344
1862.087 0.996595
1862.515 0.998631
1862.945 0.99344
1863.374 0.996282
1863.803 0.997995
1864.232 0.999072
1864.661 0.992095
1865.091 0.994315
1865.520 0.98774
1865.950 0.991405
1866.379 0.984816
1866.810 0.989092
1867.239 0.992257
1867.669 0.989377
1868.099 0.986948
1868.529 0.991234
1868.960 0.99641
1869.390 0.98959
1869.821 0.987063
1870.251 0.983534
1870.681 0.98883
1871.113 0.99174
1871.543 0.98956
1871.975 0.989652
1872.406 0.990628
1872.837 0.987068
1873.268 0.994674
1873.699 0.991339
1874.131 0.990744
1874.562 0.998427
1874.995 0.996924
1875.426 0.994301
1875.858 1.00312
1876.290 1.00537
1876.721 1.00551
1877.154 1.00562
1877.586 1.00588
1878.019 1.01494
1878.451 1.02009
1878.884 1.02339
1879.317 1.02373
1879.749 1.02025
1880.182 1.02399
1880.615 1.03147
1881.049 1.03112
1881.481 1.03634
1881.915 1.04345
1882.348 1.04197
1882.781 1.04777
1883.215 1.05394
1883.648 1.05303
1884.083 1.06225
1884.516 1.06323
1884.951 1.07169
1885.385 1.07522
1885.818 1.08393
1886.253 1.08254
1886.687 1.08515
1887.122 1.09001
1887.556 1.09571
1887.991 1.10553
1888.426 1.10853
1888.860 1.11183
1889.296 1.11655
1889.730 1.12254
1890.166 1.12501
1890.601 1.12836
1891.037 1.1326
1891.472 1.13681
1891.907 1.14664
1892.343 1.14986
1892.779 1.15357
1893.215 1.15235
1893.651 1.15519
1894.087 1.15484
1894.523 1.15835
1894.959 1.15965
1895.396 1.16639
1895.832 1.16671
1896.269 1.16548
1896.705 1.16796
1897.143 1.17298
1897.579 1.17707
1898.016 1.17603
1898.453 1.17907
1898.890 1.19314
1899.328 1.18799
1899.765 1.19945
1900.203 1.20302
1900.640 1.19754
1901.078 1.20234
1901.516 1.20889
1901.953 1.21985
1902.392 1.227
1902.829 1.23228
1903.268 1.22696
1903.706 1.22383
1904.145 1.22515
1904.583 1.23455
1905.022 1.2335
1905.461 1.23468
1905.899 1.23355
1906.338 1.22666
1906.777 1.23344
1907.217 1.22852
1907.655 1.22423
1908.095 1.22303
1908.534 1.21448
1908.973 1.21278
1909.414 1.20669
1909.853 1.20106
1910.293 1.19964
1910.733 1.19043
1911.173 1.18417
1911.613 1.17425
1912.053 1.16855
1912.494 1.16417
1912.934 1.15757
1913.375 1.14987
1913.815 1.14411
1914.256 1.13481
1914.697 1.12954
1915.137 1.12168
1915.579 1.11426
1916.019 1.11034
1916.461 1.09959
1916.902 1.09394
1917.344 1.09257
1917.785 1.08874
1918.226 1.07792
1918.669 1.07297
1919.110 1.06782
1919.553 1.05592
1919.994 1.05538
1920.437 1.05
1920.879 1.04371
1921.321 1.03321
1921.764 1.03324
1922.206 1.03376
1922.649 1.02605
1923.091 1.02141
1923.535 1.01592
1923.977 1.01116
1924.420 1.00709
1924.864 1.00497
1925.307 0.997293
1925.750 0.990259
1926.193 0.995156
1926.638 0.984992
1927.081 0.979756
1927.524 0.977027
1927.969 0.971437
1928.412 0.971053
1928.857 0.964792
1929.301 0.963382
1929.746 0.962831
1930.189 0.958213
1930.634 0.95216
1931.079 0.952502
1931.523 0.949995
1931.968 0.946453
1932.413 0.94114
1932.858 0.937193
1933.303 0.936508
1933.748 0.931175
1934.194 0.927953
1934.639 0.921883
1935.085 0.922486
1935.530 0.919959
1935.976 0.912727
1936.422 0.912174
1936.867 0.91487
1937.314 0.909578
1937.760 0.909506
1938.206 0.903784
1938.652 0.898916
1939.099 0.89941
1939.545 0.899599
1939.992 0.897876
1940.439 0.899379
1940.885 0.889857
1941.333 0.888355
1941.779 0.889847
1942.227 0.884072
1942.674 0.882577
1943.121 0.88032
1943.569 0.881466
1944.016 0.88172
1944.464 0.879619
1944.912 0.873969
1945.360 0.878653
1945.808 0.881853
1946.255 0.871402
1946.704 0.877128
1947.152 0.87025
1947.601 0.868349
1948.049 0.874101
1948.498 0.86759
1948.947 0.867776
1949.395 0.869654
1949.844 0.866934
1950.293 0.869786
1950.743 0.862894
1951.192 0.858418
1951.641 0.862506
1952.090 0.859701
1952.539 0.859339
1952.990 0.862124
1953.439 0.859647
1953.889 0.854065
1954.339 0.852817
1954.790 0.853413
1955.239 0.855445
1955.689 0.851347
1956.140 0.851568
1956.590 0.850606
1957.041 0.849214
1957.491 0.851827
1957.943 0.841036
1958.393 0.843202
1958.844 0.844316
1959.296 0.842069
1959.746 0.842557
1960.198 0.842341
1960.649 0.838641
1961.101 0.841144
1961.552 0.834942
1962.004 0.835368
1962.456 0.831656
1962.908 0.832902
1963.360 0.831593
1963.812 0.83186
1964.265 0.834862
1964.717 0.830548
1965.169 0.83062
1965.622 0.827771
1966.074 0.830387
1966.527 0.821512
1966.980 0.827115
1967.433 0.827557
1967.886 0.8246
1968.339 0.821983
1968.792 0.825368
1969.245 0.823948
1969.699 0.815499
1970.153 0.817793
1970.607 0.820433
1971.060 0.817599
1971.515 0.817313
1971.968 0.815879
1972.422 0.818164
1972.877 0.822421
1973.331 0.816943
1973.786 0.813787
1974.240 0.817312
1974.695 0.820617
1975.149 0.816851
1975.605 0.819757
1976.059 0.816615
1976.514 0.816636
1976.970 0.81641
1977.424 0.811445
1977.880 0.816297
1978.335 0.815711
1978.792 0.812756
1979.247 0.816813
1979.702 0.808851
1980.159 0.813854
1980.614 0.818002
1981.071 0.816205
1981.527 0.815239
1981.984 0.814729
1982.440 0.814611
1982.896 0.812902
1983.353 0.814871
1983.809 0.816597
1984.267 0.818247
1984.723 0.809873
1985.181 0.817372
1985.637 0.818278
1986.094 0.82224
1986.552 0.814098
1987.009 0.809938
1987.467 0.816983
1987.925 0.818163
1988.383 0.816238
1988.841 0.817782
1989.298 0.819527
1989.757 0.816306
1990.214 0.819072
1990.673 0.820794
1991.131 0.816997
1991.591 0.816708
1992.049 0.818945
1992.507 0.817112
1992.966 0.813312
1993.425 0.819132
1993.885 0.817168
1994.343 0.81563
1994.803 0.820398
1995.262 0.816665
1995.721 0.817613
1996.181 0.819391
1996.641 0.820091
1997.101 0.817305
1997.560 0.823625
1998.021 0.820697
1998.481 0.817855
1998.940 0.821191
1999.401 0.820921
1999.861 0.813836
2000.323 0.810987
2000.783 0.812193
2001.244 0.81884
2001.704 0.817297
2002.165 0.817334
2002.627 0.816873
2003.087 0.819029
2003.549 0.813856
2004.010 0.816014
2004.472 0.816977
2004.933 0.815123
2005.395 0.816565
2005.857 0.808098
2006.318 0.806081
2006.781 0.810701
2007.243 0.810524
2007.706 0.810274
2008.167 0.813073
2008.630 0.810886
2009.093 0.814048
2009.555 0.809156
2010.018 0.812117
2010.481 0.810053
2010.944 0.8072
2011.407 0.812232
2011.870 0.809712
2012.334 0.804759
2012.797 0.81104
2013.261 0.806151
2013.724 0.804654
2014.188 0.807203
2014.651 0.805646
2015.115 0.806827
2015.580 0.806429
2016.043 0.808679
2016.508 0.803496
2016.972 0.79497
2017.437 0.799237
2017.901 0.805748
2018.366 0.803038
2018.831 0.805892
2019.295 0.804011
2019.761 0.803727
2020.226 0.800729
2020.692 0.806702
2021.156 0.802122
2021.621 0.805101
2022.088 0.803112
2022.553 0.802155
2023.019 0.802555
2023.484 0.796746
2023.951 0.805069
2024.417 0.802095
2024.882 0.799928
2025.349 0.799858
2025.815 0.802836
2026.282 0.802976
2026.749 0.795922
2027.216 0.797666
2027.682 0.799522
2028.149 0.803562
2028.616 0.802918
2029.083 0.797735
2029.551 0.794927
2030.018 0.797737
2030.486 0.797695
2030.953 0.798426
2031.420 0.795616
2031.889 0.801505
2032.357 0.79793
2032.825 0.796575
2033.293 0.801616
2033.761 0.798441
2034.229 0.794834
2034.697 0.793862
2035.167 0.793163
2035.636 0.79595
2036.104 0.797929
2036.573 0.803981
2037.042 0.798144
2037.511 0.796972
2037.979 0.794465
2038.449 0.800848
2038.920 0.799855
2039.389 0.797654
2039.858 0.795654
2040.328 0.802246
2040.797 0.797385
2041.267 0.802775
2041.738 0.801494
2042.208 0.798526
2042.678 0.799191
2043.148 0.799189
2043.619 0.80423
2044.089 0.806439
2044.560 0.804129
2045.031 0.802012
2045.503 0.80542
2045.973 0.798536
2046.444 0.803983
2046.916 0.806834
2047.387 0.8026
2047.858 0.802684
2048.330 0.803022
2048.802 0.806896
2049.274 0.807819
2049.745 0.802302
2050.218 0.802847
2050.689 0.80442
2051.161 0.810659
2051.634 0.812599
2052.107 0.809636
2052.579 0.809175
2053.052 0.818562
2053.525 0.814128
2053.998 0.812731
2054.470 0.813309
2054.944 0.815813
2055.417 0.822282
2055.890 0.823068
2056.363 0.814376
2056.838 0.824235
2057.311 0.819114
2057.784 0.81951
2058.259 0.824824
2058.733 0.818323
2059.207 0.822603
2059.680 0.819555
2060.156 0.821649
2060.629 0.822263
2061.104 0.823504
2061.579 0.826264
2062.054 0.83076
2062.529 0.826848
2063.003 0.820972
2063.479 0.822899
2063.953 0.826768
2064.429 0.830333
2064.904 0.829224
2065.380 0.832123
2065.855 0.834272
2066.331 0.826057
2066.807 0.835218
2067.283 0.83251
2067.760 0.82389
2068.235 0.83085
2068.712 0.835132
2069.188 0.829443
2069.664 0.832815
2070.141 0.825229
2070.617 0.831347
2071.095 0.836995
2071.572 0.83306
2072.049 0.8288
2072.526 0.828168
2073.003 0.828209
2073.481 0.825892
2073.958 0.828354
2074.436 0.830755
2074.913 0.830721
2075.392 0.833952
2075.869 0.826355
2076.347 0.82944
2076.825 0.832112
2077.303 0.826125
2077.782 0.823314
2078.260 0.82282
2078.740 0.83324
2079.218 0.830693
2079.696 0.826754
2080.176 0.824026
2080.654 0.830298
2081.134 0.822511
2081.613 0.823963
2082.093 0.824473
2082.572 0.822258
2083.051 0.825342
2083.531 0.826285
2084.010 0.819671
2084.491 0.822166
2084.970 0.816201
2085.451 0.812152
2085.931 0.82107
2086.411 0.818527
2086.892 0.814912
2087.372 0.81531
2087.854 0.815817
2088.334 0.821788
2088.815 0.811811
2089.296 0.815085
2089.776 0.812709
2090.258 0.809417
2090.739 0.807015
2091.221 0.813043
2091.702 0.811818
2092.185 0.81077
2092.666 0.813768
2093.147 0.808645
2093.630 0.808597
2094.112 0.804422
2094.595 0.810755
2095.077 0.804373
2095.560 0.806056
2096.042 0.809273
2096.524 0.806357
2097.007 0.802802
2097.490 0.808994
2097.973 0.799367
2098.456 0.796576
2098.940 0.802283
2099.423 0.799005
2099.906 0.794541
2100.390 0.797117
2100.873 0.793986
2101.358 0.796813
2101.841 0.797049
2102.326 0.793046
2102.810 0.794481
2103.293 0.795256
2103.778 0.79978
2104.262 0.790019
2104.747 0.792239
2105.232 0.78921
2105.717 0.788946
2106.201 0.794369
2106.686 0.791197
2107.172 0.791369
2107.658 0.790746
2108.143 0.792053
2108.628 0.791743
2109.114 0.78856
2109.599 0.791588
2110.084 0.788681
2110.571 0.7865
2111.058 0.786163
2111.543 0.784163
2112.029 0.787366
2112.516 0.78686
2113.002 0.785691
2113.488 0.784332
2113.976 0.779705
2114.463 0.778289
2114.949 0.784986
2115.436 0.784094
2115.924 0.779037
2116.410 0.782963
2116.897 0.779562
2117.385 0.779906
2117.874 0.782526
2118.361 0.775218
2118.848 0.76967
2119.337 0.768443
2119.824 0.7732
2120.312 0.77575
2120.801 0.777526
2121.290 0.773583
2121.778 0.773636
2122.266 0.771016
2122.756 0.768186
2123.244 0.77147
2123.732 0.766722
2124.222 0.767239
2124.712 0.771802
2125.201 0.767309
2125.690 0.764618
2126.180 0.766154
2126.669 0.764525
2127.158 0.767097
2127.649 0.763161
2128.139 0.767004
2128.629 0.768476
2129.119 0.767712
2129.610 0.765699
2130.100 0.767026
2130.590 0.764446
2131.081 0.765595
2131.572 0.76635
2132.063 0.762211
2132.553 0.762308
2133.045 0.759873
2133.536 0.764185
2134.026 0.760875
2134.519 0.758248
2135.011 0.767969
2135.502 0.765744
2135.993 0.761258
2136.486 0.763062
2136.977 0.766842
2137.470 0.76099
2137.962 0.758689
2138.455 0.761854
2138.947 0.763726
2139.439 0.752668
2139.932 0.763218
2140.424 0.761851
2140.918 0.755224
2141.410 0.76073
2141.904 0.759394
2142.397 0.760682
2142.890 0.762313
2143.384 0.760523
2143.877 0.758826
2144.372 0.751797
2144.865 0.764634
2145.359 0.756099
2145.853 0.752509
2146.347 0.756951
2146.842 0.754403
2147.335 0.753307
2147.831 0.75416
2148.325 0.758182
2148.820 0.757879
2149.314 0.746654
2149.809 0.748627
2150.305 0.751198
2150.799 0.752766
2151.295 0.74232
2151.790 0.746916
2152.286 0.748031
2152.781 0.750845
2153.277 0.753216
2153.773 0.752587
2154.269 0.743039
2154.765 0.74991
2155.261 0.751277
2155.758 0.745428
2156.254 0.752056
2156.750 0.741928
2157.248 0.748874
2157.744 0.747145
2158.241 0.748165
2158.738 0.745116
2159.236 0.740487
2159.732 0.744103
2160.229 0.754046
2160.727 0.750686
2161.224 0.750508
2161.723 0.747268
2162.220 0.744172
2162.719 0.739737
2163.216 0.747202
2163.714 0.743553
2164.213 0.745796
2164.711 0.752829
2165.210 0.74717
2165.708 0.747197
2166.208 0.747476
2166.706 0.752627
2167.204 0.756611
2167.704 0.750349
2168.203 0.749795
2168.703 0.743673
2169.201 0.748862
2169.702 0.747481
2170.201 0.743505
2170.700 0.750559
2171.201 0.755694
2171.700 0.745308
2172.201 0.744329
2172.701 0.747017
2173.202 0.74507
2173.702 0.751777
2174.202 0.749585
2174.703 0.743673
2175.203 0.74377
2175.705 0.744949
2176.205 0.747702
2176.707 0.751321
2177.208 0.743717
2177.709 0.739884
2178.211 0.746541
2178.712 0.752071
2179.215 0.746222
2179.716 0.748989
2180.219 0.747771
2180.720 0.747384
2181.222 0.747439
2181.725 0.740101
2182.227 0.754702
2182.730 0.743284
2183.232 0.73772
2183.735 0.743129
2184.238 0.744523
2184.740 0.74431
2185.244 0.74413
2185.748 0.741082
2186.251 0.735199
2186.754 0.738193
2187.258 0.737327
2187.761 0.739603
2188.264 0.736783
2188.769 0.73219
2189.274 0.730779
2189.777 0.735781
2190.281 0.7315
2190.786 0.737153
2191.290 0.737485
2191.794 0.732795
2192.300 0.734439
2192.805 0.735078
2193.310 0.734103
2193.814 0.73216
2194.320 0.732316
2194.825 0.726416
2195.330 0.730474
2195.836 0.737187
2196.343 0.728323
2196.848 0.72835
2197.353 0.729174
2197.860 0.733906
2198.365 0.730108
2198.871 0.73057
2199.378 0.730956
2199.885 0.730448
2200.392 0.728838
2200.898 0.728961
2201.405 0.730324
2201.912 0.72891
2202.418 0.727733
2202.926 0.72831
2203.434 0.723394
2203.941 0.729351
2204.448 0.731247
2204.956 0.731334
2205.464 0.733514
2205.971 0.730446
2206.480 0.723719
2206.989 0.73253
2207.496 0.73446
2208.004 0.727004
2208.513 0.731358
2209.021 0.733929
2209.530 0.727028
2210.039 0.730406
2210.549 0.727309
2211.057 0.735735
2211.566 0.735792
2212.076 0.731235
2212.585 0.742207
2213.094 0.730856
2213.604 0.736174
2214.115 0.741603
2214.624 0.737098
2215.133 0.739422
2215.644 0.732583
2216.154 0.73551
2216.665 0.734628
2217.175 0.730893
2217.686 0.729582
2218.196 0.732719
2218.707 0.736159
2219.218 0.731682
2219.729 0.732577
2220.240 0.739678
2220.751 0.734411
2221.263 0.735149
2221.774 0.733574
2222.285 0.739225
2222.798 0.740595
2223.309 0.734335
2223.822 0.73272
2224.333 0.726287
2224.846 0.731476
2225.358 0.737285
2225.870 0.72336
2226.384 0.733696
2226.896 0.736559
2227.409 0.734412
2227.922 0.729661
2228.435 0.730661
2228.948 0.725306
2229.461 0.72541
2229.975 0.728953
2230.488 0.723099
2231.002 0.729383
2231.516 0.731655
2232.030 0.720435
2232.543 0.725209
2233.057 0.724245
2233.572 0.72259
2234.086 0.721129
2234.601 0.724283
2235.115 0.721546
2235.631 0.728435
2236.145 0.717367
2236.659 0.716496
2237.175 0.720248
2237.690 0.719109
2238.206 0.723435
2238.721 0.714148
2239.237 0.720154
2239.752 0.720392
2240.267 0.723152
2240.784 0.721736
2241.299 0.721211
2241.816 0.721513
2242.332 0.7164
2242.849 0.718284
2243.365 0.720802
2243.881 0.718216
2244.398 0.716805
2244.915 0.722356
2245.433 0.724044
2245.949 0.725489
2246.467 0.719088
2246.984 0.726318
2247.501 0.724035
2248.019 0.724574
2248.536 0.723201
2249.055 0.729768
2249.572 0.726271
2250.091 0.725209
2250.608 0.726147
2251.126 0.71317
2251.645 0.726158
2252.163 0.726127
2252.683 0.719753
2253.201 0.718165
2253.720 0.720609
2254.239 0.725929
2254.757 0.725111
2255.277 0.729779
2255.796 0.728954
2256.316 0.724531
2256.835 0.730637
2257.356 0.726542
2257.875 0.726933
2258.395 0.734314
2258.915 0.728748
2259.435 0.72491
2259.956 0.729052
2260.476 0.733922
2260.997 0.730983
2261.517 0.733679
2262.038 0.726037
2262.559 0.72583
2263.080 0.733205
2263.602 0.729432
2264.122 0.73188
2264.645 0.738266
2265.165 0.733618
2265.687 0.732129
2266.209 0.731364
2266.731 0.729265
2267.253 0.737528
2267.775 0.738306
2268.298 0.73818
2268.819 0.740168
2269.341 0.728956
2269.865 0.739042
2270.388 0.738494
2270.910 0.737068
2271.433 0.73619
2271.957 0.731028
2272.479 0.74027
2273.002 0.737775
2273.526 0.737138
2274.050 0.745606
2274.573 0.737631
2275.097 0.746471
2275.621 0.745067
2276.145 0.743875
2276.668 0.74643
2277.194 0.746539
2277.719 0.749852
2278.243 0.742796
2278.767 0.744866
2279.292 0.746926
2279.817 0.747979
2280.341 0.742141
2280.867 0.746649
2281.393 0.739729
2281.918 0.746579
2282.443 0.74136
2282.969 0.74595
2283.494 0.750601
2284.020 0.752533
2284.546 0.75843
2285.073 0.753426
2285.599 0.748749
2286.125 0.747073
2286.652 0.748701
2287.178 0.747583
2287.704 0.756277
2288.231 0.752965
2288.759 0.748218
2289.286 0.75299
2289.812 0.748143
2290.340 0.747629
2290.867 0.753164
2291.394 0.756327
2291.923 0.757975
2292.451 0.754844
2292.979 0.753267
2293.506 0.756692
2294.035 0.764303
2294.563 0.761415
2295.090 0.757672
2295.620 0.759408
2296.149 0.765594
2296.677 0.763891
2297.206 0.765566
2297.735 0.762272
2298.264 0.756503
2298.794 0.760869
2299.323 0.760929
2299.853 0.756841
2300.382 0.767854
2300.911 0.765065
2301.442 0.766951
2301.971 0.766865
2302.502 0.766354
2303.032 0.758856
2303.563 0.756389
2304.093 0.771112
2304.623 0.759153
2305.154 0.762786
2305.685 0.768726
2306.216 0.761742
2306.747 0.756356
2307.279 0.769573
2307.810 0.766302
2308.340 0.771914
2308.873 0.759038
2309.404 0.763551
2309.936 0.769048
2310.468 0.76991
2311.000 0.764893
2311.532 0.765353
2312.064 0.772005
2312.597 0.766545
2313.129 0.767385
2313.663 0.762794
2314.195 0.760587
2314.729 0.766884
2315.261 0.76839
2315.793 0.774858
2316.328 0.784088
2316.860 0.774519
2317.395 0.773826
2317.928 0.778622
2318.462 0.779943
2318.996 0.778928
2319.529 0.784043
2320.064 0.778659
2320.598 0.779702
2321.133 0.777278
2321.667 0.776936
2322.202 0.777885
2322.736 0.787295
2323.271 0.78652
2323.807 0.785062
2324.341 0.783206
2324.877 0.790252
2325.412 0.78407
2325.948 0.787237
2326.483 0.785198
2327.019 0.785191
2327.555 0.777965
2328.091 0.77694
2328.627 0.783731
2329.163 0.790264
2329.700 0.780046
2330.236 0.779621
2330.772 0.776762
2331.310 0.776053
2331.846 0.77344
2332.384 0.770756
2332.920 0.782265
2333.458 0.77401
2333.995 0.777855
2334.532 0.770417
2335.070 0.768675
2335.607 0.775956
2336.146 0.767768
2336.684 0.769064
2337.222 0.767621
2337.760 0.771394
2338.298 0.768185
2338.837 0.773596
2339.375 0.773949
2339.915 0.765152
2340.453 0.767221
2340.992 0.76738
2341.531 0.770635
2342.070 0.768496
2342.610 0.774502
2343.149 0.768852
2343.689 0.767003
2344.228 0.766611
2344.769 0.756773
2345.308 0.753921
2345.848 0.759449
2346.389 0.756824
2346.928 0.754636
2347.470 0.761742
2348.010 0.75757
2348.551 0.75388
2349.091 0.757355
2349.632 0.761675
2350.174 0.762252
2350.716 0.747234
2351.256 0.760712
2351.797 0.75654
2352.340 0.753156
2352.881 0.753209
2353.422 0.7569
2353.965 0.753517
2354.508 0.755668
2355.049 0.76203
2355.591 0.7508
2356.134 0.755631
2356.676 0.75056
2357.218 0.745906
2357.762 0.750849
2358.306 0.746437
2358.848 0.739474
2359.391 0.746854
2359.935 0.743456
2360.478 0.738797
2361.021 0.742992
2361.565 0.743977
2362.110 0.74566
2362.653 0.742252
2363.197 0.749238
2363.742 0.742162
2364.285 0.749828
2364.829 0.741331
2365.375 0.737606
2365.920 0.741512
2366.464 0.740204
2367.009 0.747657
2367.555 0.741272
2368.099 0.737887
2368.644 0.744869
2369.190 0.753689
2369.737 0.7461
2370.282 0.746414
2370.827 0.740482
2371.374 0.735961
2371.919 0.742676
2372.465 0.734484
2373.012 0.732238
2373.559 0.736895
2374.105 0.739653
2374.651 0.733936
2375.199 0.733641
2375.745 0.745484
2376.292 0.749277
2376.840 0.747451
2377.388 0.731437
2377.935 0.736996
2378.482 0.744363
2379.031 0.743531
2379.578 0.745408
2380.126 0.738212
2380.674 0.738509
2381.223 0.738063
2381.771 0.730778
2382.319 0.737816
2382.868 0.74232
2383.416 0.741725
2383.966 0.743128
2384.514 0.740896
2385.064 0.728852
2385.613 0.738102
2386.162 0.736641
2386.712 0.733012
2387.261 0.728424
2387.812 0.738772
2388.361 0.744078
2388.911 0.73764
2389.461 0.731238
2390.011 0.724939
2390.562 0.741756
2391.112 0.73252
2391.663 0.73454
2392.213 0.738332
2392.765 0.736881
2393.315 0.742857
2393.866 0.74032
2394.418 0.743916
2394.969 0.742816
2395.521 0.731829
2396.072 0.744396
2396.625 0.746414
2397.176 0.738771
2397.728 0.740502
2398.281 0.737647
2398.832 0.741491
2399.385 0.736126
2399.937 0.737453
2400.491 0.734274
2401.043 0.760379
2401.595 0.745825
2402.149 0.738556
2402.702 0.739993
2403.256 0.742547
2403.809 0.740313
2404.363 0.74653
2404.916 0.749746
2405.469 0.747339
2406.024 0.751979
2406.578 0.748962
2407.133 0.743541
2407.686 0.74288
2408.241 0.746145
2408.795 0.741915
2409.350 0.758834
2409.905 0.745823
2410.460 0.749017
2411.016 0.753779
2411.570 0.748915
2412.126 0.752235
2412.681 0.747989
2413.236 0.745524
2413.793 0.75367
2414.348 0.756175
2414.905 0.752863
2415.460 0.763016
2416.017 0.762048
2416.573 0.760327
2417.129 0.760247
2417.686 0.774018
2418.243 0.757271
2418.800 0.760134
2419.357 0.774106
2419.915 0.772118
2420.471 0.769799
2421.028 0.768604
2421.586 0.764016
2422.144 0.767319
2422.702 0.760333
2423.259 0.769099
2423.818 0.772379
2424.376 0.772567
2424.933 0.761282
2425.493 0.763136
2426.051 0.760113
2426.610 0.77617
2427.168 0.758275
2427.728 0.762753
2428.286 0.760257
2428.845 0.765827
2429.405 0.770434
2429.964 0.75892
2430.524 0.758663
2431.083 0.75701
2431.644 0.763438
2432.204 0.761318
2432.763 0.765703
2433.324 0.751474
2433.884 0.766979
2434.445 0.75016
2435.005 0.767595
2435.567 0.766771
2436.127 0.74988
2436.688 0.760137
2437.249 0.755433
2437.811 0.746025
2438.372 0.77481
2438.933 0.752682
2439.496 0.765655
2440.057 0.747851
2440.618 0.753833
2441.181 0.753069
2441.744 0.755499
2442.305 0.751978
2442.867 0.752515
2443.431 0.758288
2443.993 0.74885
2444.555 0.742922
2445.119 0.745132
2445.683 0.752495
2446.245 0.751965
2446.808 0.746627
2447.372 0.744439
2447.935 0.748228
2448.498 0.743804
2449.063 0.748232
2449.628 0.742679
2450.191 0.74327
2450.755 0.740006
2451.320 0.736507
2451.884 0.744713
2452.448 0.74057
2453.013 0.740242
2453.579 0.73762
2454.144 0.74273
2454.708 0.738815
2455.274 0.744332
2455.839 0.735494
2456.404 0.732912
2456.970 0.733927
2457.537 0.738619
2458.102 0.752784
2458.668 0.74537
2459.235 0.737385
2459.801 0.747401
2460.366 0.732833
2460.934 0.740298
2461.501 0.742352
2462.068 0.743253
2462.634 0.738873
2463.202 0.742017
2463.769 0.72507
2464.335 0.745505
2464.904 0.734012
2465.472 0.740434
2466.039 0.741101
2466.606 0.745446
2467.175 0.744269
2467.743 0.740337
2468.312 0.746623
2468.880 0.74169
2469.449 0.738901
2470.017 0.738678
2470.585 0.73775
2471.155 0.739933
2471.724 0.741183
2472.293 0.742657
2472.862 0.735501
2473.433 0.742711
2474.001 0.752038
2474.571 0.741287
2475.141 0.735736
2475.711 0.746229
2476.281 0.737322
2476.851 0.74581
2477.422 0.741533
2477.992 0.731891
2478.562 0.745181
2479.134 0.744992
2479.704 0.730281
2480.276 0.748302
2480.847 0.730899
2481.419 0.736747
2481.990 0.737321
2482.561 0.735894
2483.133 0.746025
2483.704 0.736874
2484.277 0.735251
2484.848 0.742379
2485.421 0.733562
2485.993 0.74112
2486.565 0.737009
2487.139 0.735632
2487.711 0.730671
2488.284 0.728227
2488.857 0.73931
2489.431 0.734141
2490.003 0.732833
2490.576 0.740871
2491.151 0.73065
2491.724 0.7371
2492.298 0.741612
2492.872 0.729574
2493.446 0.735654
2494.020 0.730683
2494.594 0.742105
2495.169 0.730639
2495.743 0.739238
2496.319 0.733595
2496.893 0.726357
2497.469 0.736354
2498.043 0.726094
2498.618 0.725663
2499.194 0.724714
2499.769 0.751556
2500.345 0.738835
2500.921 0.736144
2501.497 0.75457
2502.073 0.734915
2502.648 0.73496
2503.226 0.744985
2503.801 0.729003
2504.379 0.727886
2504.955 0.728716
2505.532 0.728735
2506.109 0.725973
2506.685 0.739902
2507.263 0.731826
2507.840 0.723497
2508.418 0.721577
2508.996 0.732903
2509.574 0.725981
2510.151 0.724477
2510.729 0.722466
2511.308 0.726261
2511.885 0.739612
2512.465 0.730359
2513.043 0.723423
2513.622 0.713523
2514.201 0.730811
2514.779 0.725487
2515.359 0.725461
2515.938 0.738299
2516.518 0.72296
2517.097 0.722132
2517.677 0.723782
2518.256 0.7283
2518.835 0.723166
2519.417 0.719918
2519.996 0.735375
2520.577 0.720247
2521.157 0.71961
2521.738 0.724546
2522.318 0.720983
2522.899 0.710149
2523.480 0.725458
2524.061 0.724887
2524.643 0.719777
2525.224 0.718833
2525.806 0.729723
2526.387 0.718333
2526.969 0.699691
2527.551 0.717978
2528.134 0.725441
2528.716 0.71606
2529.297 0.73002
2529.881 0.721968
2530.462 0.718939
2531.045 0.706091
2531.628 0.703933
2532.212 0.710229
2532.795 0.713973
2533.377 0.710216
2533.961 0.724209
2534.544 0.730639
2535.127 0.72387
2535.712 0.72138
2536.297 0.724441
2536.880 0.704984
2537.464 0.694596
2538.049 0.716714
2538.633 0.715821
2539.217 0.708167
2539.802 0.706955
2540.388 0.721288
2540.973 0.706029
2541.557 0.705897
2542.143 0.693229
2542.728 0.6947
2543.313 0.714529
2543.899 0.706714
2544.486 0.712408
2545.071 0.702252
2545.657 0.698934
2546.244 0.698534
2546.830 0.714302
2547.416 0.706407
2548.003 0.697844
2548.591 0.708355
2549.177 0.713667
2549.763 0.701462
