850.1584 0.221605
850.3545 0.0723181
850.5501 0.079181
850.7462 0.0364344
850.9420 0.0827732
851.1377 0.142127
851.3340 0.118566
851.5298 0.0798818
851.7262 0.124636
851.9221 0.0730349
852.1185 0.111083
852.3146 0.136264
852.5107 0.0541924
852.7073 0.0452498
852.9034 0.116079
853.1001 0.114112
853.2964 0.121841
853.4932 0.0759294
853.6895 0.0941749
853.8864 0.105693
854.0828 0.115845
854.2792 0.115079
854.4763 0.123917
854.6728 0.104198
854.8699 0.0808232
855.0665 0.0861665
855.2637 0.107248
855.4605 0.160008
855.6573 0.136144
855.8546 0.160635
856.0515 0.0962298
856.2489 0.145775
856.4459 0.165039
856.6434 0.0925228
856.8405 0.119981
857.0375 0.0996681
857.2352 0.125665
857.4324 0.0872997
857.6301 0.108655
857.8274 0.0803532
858.0252 0.105963
858.2226 0.0898448
858.4200 0.129431
858.6180 0.0936203
858.8155 0.0909704
859.0135 0.108038
859.2112 0.103213
859.4093 0.0884707
859.6070 0.076728
859.8047 0.135137
860.0031 0.115881
860.2009 0.108082
860.3992 0.099367
860.5972 0.131331
860.7956 0.115034
860.9937 0.0925749
861.1917 0.154787
861.3903 0.153449
861.5884 0.126583
861.7871 0.0793072
861.9854 0.144847
862.1842 0.0943315
862.3825 0.153429
862.5814 0.174767
862.7798 0.154324
862.9783 0.128671
863.1773 0.126282
863.3759 0.143272
863.5750 0.106059
863.7736 0.0863145
863.9728 0.104352
864.1716 0.150172
864.3704 0.188204
864.5697 0.156103
864.7686 0.103084
864.9680 0.138344
865.1670 0.120182
865.3665 0.138894
865.5656 0.139567
865.7646 0.11451
865.9644 0.115342
866.1636 0.140583
866.3633 0.0824486
866.5626 0.142468
866.7624 0.120372
866.9618 0.0541099
867.1613 0.13196
867.3612 0.217227
867.5607 0.128923
867.7608 0.100258
867.9604 0.123315
868.1606 0.123186
868.3603 0.150471
868.5601 0.15031
868.7604 0.144598
868.9602 0.144016
869.1606 0.168721
869.3605 0.20615
869.5610 0.125846
869.7610 0.138706
869.9611 0.13657
870.1617 0.0972994
870.3619 0.160021
870.5626 0.144848
870.7629 0.150279
870.9637 0.21194
871.1641 0.14571
871.3645 0.129525
871.5654 0.0913734
871.7659 0.149809
871.9669 0.146088
872.1675 0.138335
872.3687 0.128507
872.5693 0.159007
872.7701 0.155274
872.9713 0.196093
873.1722 0.165729
873.3735 0.145297
873.5745 0.140807
873.7759 0.131393
873.9769 0.160233
874.1780 0.192502
874.3795 0.173144
874.5807 0.185644
874.7823 0.219781
874.9836 0.149488
875.1854 0.165585
875.3867 0.179688
875.5881 0.218311
875.7900 0.183049
875.9915 0.140923
876.1935 0.165533
876.3950 0.214519
876.5972 0.184064
876.7988 0.144484
877.0005 0.20562
877.2028 0.184697
877.4045 0.183327
877.6069 0.198411
877.8087 0.177601
878.0112 0.169553
878.2131 0.170953
878.4152 0.187684
878.6177 0.143417
878.8199 0.158574
879.0225 0.173949
879.2247 0.217268
879.4275 0.223365
879.6298 0.224497
879.8322 0.189062
880.0350 0.154632
880.2375 0.182982
880.4405 0.198512
880.6430 0.157602
880.8461 0.15766
881.0487 0.201207
881.2514 0.178357
881.4547 0.234141
881.6574 0.218017
881.8607 0.146836
882.0636 0.196595
882.2670 0.195014
882.4700 0.178381
882.6730 0.197752
882.8765 0.20334
883.0796 0.205966
883.2833 0.227738
883.4865 0.205306
883.6902 0.206168
883.8934 0.238283
884.0968 0.198411
884.3007 0.200918
884.5041 0.266652
884.7081 0.231723
884.9116 0.268153
885.1157 0.247917
885.3193 0.18371
885.5234 0.222463
885.7272 0.236561
885.9309 0.249174
886.1352 0.267808
886.3391 0.285533
886.5435 0.182342
886.7474 0.210856
886.9519 0.210603
887.1559 0.257928
887.3600 0.218526
887.5646 0.231087
887.7688 0.23508
887.9735 0.259138
888.1778 0.237092
888.3826 0.238538
888.5870 0.237062
888.7914 0.254709
888.9963 0.256479
889.2009 0.260279
889.4059 0.269788
889.6105 0.256594
889.8157 0.269432
890.0204 0.315282
890.2251 0.280282
890.4304 0.261805
890.6353 0.294225
890.8406 0.250956
891.0455 0.225979
891.2510 0.264534
891.4561 0.294224
891.6611 0.286279
891.8668 0.271254
892.0719 0.301094
892.2776 0.292135
892.4829 0.312309
892.6887 0.304067
892.8940 0.31917
893.0995 0.289909
893.3054 0.31168
893.5109 0.288259
893.7170 0.288246
893.9226 0.275353
894.1287 0.32229
894.3344 0.314962
894.5406 0.306577
894.7465 0.331582
894.9523 0.328026
895.1586 0.307945
895.3646 0.236064
895.5710 0.266434
895.7771 0.340929
895.9836 0.2818
896.1898 0.361128
896.3959 0.370028
896.6026 0.353599
896.8089 0.33929
897.0157 0.370213
897.2220 0.287437
897.4290 0.333076
897.6354 0.339663
897.8419 0.310569
898.0490 0.307084
898.2555 0.35814
898.4626 0.378021
898.6693 0.332444
898.8766 0.332182
899.0834 0.321951
899.2902 0.324701
899.4976 0.310784
899.7045 0.323205
899.9120 0.31875
900.1190 0.327167
900.3265 0.329805
900.5337 0.361202
900.7408 0.371675
900.9485 0.359654
901.1558 0.292139
901.3636 0.341505
901.5710 0.35279
901.7789 0.356158
901.9863 0.374622
902.1938 0.32915
902.4019 0.383554
902.6095 0.395298
902.8176 0.368404
903.0253 0.41352
903.2335 0.40658
903.4413 0.380655
903.6492 0.37264
903.8575 0.408669
904.0655 0.416264
904.2739 0.389682
904.4820 0.376988
904.6906 0.384327
904.8987 0.354917
905.1068 0.427682
905.3156 0.402306
905.5238 0.37084
905.7327 0.423364
905.9410 0.453749
906.1499 0.427805
906.3584 0.395554
906.5669 0.422967
906.7759 0.368556
906.9845 0.36145
907.1937 0.441389
907.4023 0.408549
907.6116 0.421697
907.8204 0.42651
908.0292 0.42881
908.2386 0.417297
908.4476 0.430255
908.6571 0.425502
908.8661 0.412356
909.0757 0.396128
909.2848 0.382921
909.4940 0.420615
909.7037 0.400724
909.9130 0.407927
910.1228 0.480143
910.3322 0.45364
910.5421 0.454456
910.7516 0.4532
910.9611 0.427705
911.1711 0.454689
911.3808 0.468825
911.5909 0.452591
911.8007 0.455491
912.0109 0.533846
912.2207 0.47235
912.4306 0.429783
912.6410 0.414303
912.8510 0.43086
913.0614 0.419239
913.2715 0.47997
913.4821 0.466642
913.6923 0.471213
913.9024 0.504224
914.1132 0.544827
914.3235 0.511985
914.5343 0.466929
914.7447 0.485291
914.9556 0.466496
915.1661 0.480574
915.3766 0.483658
915.5877 0.503862
915.7983 0.512012
916.0095 0.540446
916.2203 0.505751
916.4315 0.565951
916.6424 0.544757
916.8533 0.533565
917.0646 0.518803
917.2756 0.526726
917.4872 0.543464
917.6982 0.518641
917.9099 0.533994
918.1210 0.517618
918.3327 0.551016
918.5440 0.540847
918.7553 0.522183
918.9672 0.528703
919.1786 0.509183
919.3905 0.511458
919.6021 0.505979
919.8141 0.542
920.0257 0.559761
920.2374 0.508794
920.4495 0.525871
920.6613 0.542294
920.8736 0.5255
921.0854 0.537594
921.2979 0.555985
921.5098 0.562421
921.7218 0.541756
921.9343 0.572173
922.1464 0.575537
922.3591 0.54234
922.5712 0.560066
922.7840 0.574832
922.9963 0.579711
923.2086 0.537569
923.4215 0.542865
923.6339 0.59275
923.8469 0.552638
924.0594 0.551802
924.2725 0.570357
924.4852 0.570529
924.6978 0.568224
924.9111 0.586339
925.1238 0.584744
925.3372 0.575274
925.5500 0.59436
925.7635 0.555205
925.9764 0.554462
926.1895 0.636556
926.4031 0.627696
926.6161 0.620153
926.8298 0.624595
927.0430 0.681418
927.2568 0.632979
927.4702 0.619583
927.6840 0.638298
927.8975 0.620416
928.1109 0.620801
928.3249 0.647093
928.5385 0.644111
928.7526 0.612699
928.9662 0.632984
929.1805 0.616442
929.3942 0.614032
929.6080 0.621957
929.8224 0.644213
930.0363 0.641103
930.2507 0.706506
930.4648 0.668954
930.6793 0.647537
930.8934 0.643047
931.1076 0.663794
931.3223 0.650958
931.5366 0.618459
931.7513 0.63735
931.9657 0.633415
932.1806 0.674618
932.3951 0.637471
932.6096 0.640024
932.8246 0.668601
933.0392 0.665497
933.2544 0.671405
933.4691 0.666516
933.6843 0.672869
933.8991 0.662877
934.1140 0.636152
934.3293 0.667228
934.5443 0.695584
934.7598 0.718604
934.9749 0.709331
935.1904 0.679828
935.4056 0.646006
935.6208 0.670344
935.8365 0.639253
936.0518 0.649497
936.2676 0.675322
936.4830 0.664906
936.6990 0.655586
936.9145 0.668057
937.1300 0.613687
937.3461 0.682874
937.5618 0.657854
937.7780 0.66049
937.9937 0.654422
938.2100 0.658739
938.4258 0.668299
938.6417 0.698362
938.8582 0.671725
939.0742 0.682724
939.2907 0.664943
939.5068 0.663352
939.7234 0.675458
939.9396 0.635029
940.1558 0.683312
940.3726 0.69916
940.5890 0.696351
940.8058 0.672116
941.0223 0.717135
941.2393 0.718591
941.4558 0.703005
941.6724 0.728174
941.8895 0.734849
942.1062 0.735118
942.3235 0.688339
942.5403 0.709777
942.7576 0.701761
942.9745 0.713847
943.1914 0.704251
943.4089 0.736207
943.6259 0.726465
943.8435 0.69069
944.0607 0.686046
944.2784 0.67389
944.4956 0.655748
944.7129 0.717255
944.9307 0.739705
945.1481 0.735907
945.3661 0.717436
945.5836 0.690685
945.8016 0.663956
946.0192 0.664849
946.2368 0.698407
946.4550 0.6766
946.6727 0.695432
946.8911 0.718147
947.1089 0.679579
947.3273 0.695102
947.5452 0.700729
947.7632 0.680244
947.9817 0.716116
948.1998 0.706518
948.4185 0.686735
948.6367 0.709587
948.8554 0.68184
949.0737 0.720193
949.2920 0.693183
949.5109 0.68339
949.7294 0.714545
949.9484 0.724719
950.1669 0.704938
950.3860 0.687825
950.6046 0.697255
950.8233 0.689059
951.0426 0.686684
951.2614 0.664831
951.4807 0.702522
951.6996 0.668946
951.9191 0.704047
952.1381 0.691215
952.3576 0.682735
952.5767 0.697237
952.7958 0.710487
953.0156 0.708042
953.2348 0.706386
953.4546 0.70664
953.6740 0.656394
953.8939 0.695319
954.1133 0.691196
954.3328 0.680638
954.5529 0.702285
954.7725 0.6835
954.9926 0.679982
955.2123 0.693263
955.4326 0.66146
955.6524 0.683786
955.8723 0.675814
956.0927 0.715349
956.3126 0.726573
956.5331 0.689298
956.7532 0.718015
956.9738 0.702434
957.1940 0.698464
957.4142 0.718877
957.6349 0.689108
957.8552 0.687648
958.0761 0.731261
958.2965 0.699854
958.5175 0.692728
958.7380 0.672242
958.9586 0.645643
959.1797 0.69086
959.4003 0.673338
959.6216 0.653434
959.8423 0.691191
960.0637 0.660774
960.2845 0.634981
960.5055 0.67118
960.7269 0.693444
960.9479 0.730836
961.1696 0.700357
961.3907 0.70788
961.6124 0.694089
961.8336 0.701608
962.0554 0.718953
962.2767 0.71695
962.4980 0.7022
962.7200 0.697605
962.9415 0.723009
963.1636 0.716254
963.3851 0.708687
963.6073 0.707269
963.8290 0.710085
964.0507 0.742758
964.2730 0.744759
964.4948 0.718366
964.7172 0.686905
964.9391 0.688303
965.1617 0.715809
965.3837 0.72808
965.6058 0.727974
965.8284 0.700578
966.0507 0.756386
966.2734 0.737222
966.4957 0.713658
966.7186 0.707394
966.9410 0.725487
967.1634 0.742889
967.3864 0.760224
967.6090 0.768297
967.8321 0.748895
968.0547 0.726492
968.2780 0.768278
968.5007 0.718595
968.7236 0.775627
968.9469 0.767125
969.1699 0.734949
969.3933 0.726521
969.6163 0.774988
969.8399 0.766659
970.0630 0.74215
970.2862 0.732541
970.5099 0.764845
970.7332 0.76078
970.9570 0.765195
971.1804 0.814911
971.4044 0.803841
971.6279 0.772819
971.8514 0.800397
972.0755 0.823933
972.2991 0.794532
972.5233 0.829914
972.7470 0.835968
972.9714 0.824801
973.1952 0.83676
973.4191 0.840935
973.6436 0.823246
973.8675 0.849918
974.0921 0.857255
974.3162 0.846337
974.5408 0.819408
974.7650 0.828466
974.9893 0.83947
975.2141 0.853189
975.4385 0.839212
975.6634 0.809636
975.8878 0.851784
976.1129 0.876378
976.3375 0.84826
976.5621 0.833049
976.7872 0.861422
977.0120 0.864908
977.2372 0.85931
977.4620 0.879467
977.6874 0.894254
977.9124 0.841658
978.1373 0.813622
978.3629 0.839746
978.5880 0.850921
978.8136 0.843186
979.0388 0.830501
979.2646 0.807951
979.4899 0.846502
979.7151 0.840286
979.9411 0.829529
980.1665 0.828746
980.3926 0.831139
980.6181 0.856124
980.8442 0.84545
981.0699 0.861272
981.2955 0.863983
981.5219 0.831044
981.7476 0.854212
981.9740 0.852556
982.2000 0.827829
982.4264 0.847423
982.6524 0.857612
982.8785 0.846088
983.1051 0.85293
983.3313 0.844409
983.5580 0.838053
983.7843 0.816197
984.0112 0.853733
984.2375 0.851019
984.4640 0.84675
984.6910 0.847473
984.9175 0.86036
985.1447 0.896896
985.3713 0.916919
985.5985 0.906786
985.8252 0.883841
986.0520 0.875753
986.2794 0.8808
986.5063 0.902546
986.7338 0.911307
986.9608 0.911061
987.1884 0.918645
987.4155 0.879282
987.6431 0.86371
987.8704 0.908474
988.0976 0.86581
988.3254 0.840981
988.5529 0.873289
988.7808 0.861654
989.0082 0.889903
989.2363 0.90238
989.4639 0.865113
989.6915 0.907773
989.9197 0.924227
990.1475 0.926235
990.3758 0.923537
990.6036 0.895182
990.8320 0.868426
991.0600 0.873798
991.2880 0.86404
991.5166 0.827684
991.7447 0.83141
991.9734 0.854516
992.2016 0.847858
992.4304 0.826504
992.6587 0.832613
992.8870 0.820323
993.1160 0.849865
993.3445 0.842124
993.5735 0.838022
993.8021 0.824282
994.0313 0.816486
994.2599 0.830547
994.4886 0.799683
994.7180 0.801635
994.9468 0.799797
995.1763 0.823547
995.4052 0.812536
995.6348 0.837528
995.8638 0.843116
996.0929 0.829242
996.3226 0.830069
996.5518 0.827591
996.7816 0.789646
997.0109 0.834256
997.2408 0.806403
997.4702 0.791157
997.7003 0.824838
997.9297 0.801446
998.1593 0.818155
998.3895 0.800151
998.6192 0.770881
998.8494 0.805943
999.0792 0.80543
999.3096 0.79733
999.5395 0.802502
999.7695 0.822157
1000.000 0.820984
1000.230 0.846834
1000.461 0.863228
1000.691 0.82699
1000.922 0.839842
1001.152 0.81276
1001.382 0.775759
1001.613 0.806655
1001.844 0.800669
1002.075 0.829633
1002.305 0.839172
1002.536 0.804285
1002.767 0.789158
1002.997 0.831363
1003.229 0.81013
1003.460 0.819913
1003.691 0.811158
1003.922 0.821919
1004.153 0.799437
1004.384 0.800317
1004.615 0.827386
1004.847 0.834993
1005.078 0.826861
1005.310 0.823399
1005.541 0.813744
1005.773 0.826853
1006.005 0.834026
1006.236 0.831012
1006.468 0.81899
1006.700 0.814935
1006.932 0.827492
1007.163 0.840093
1007.396 0.807885
1007.627 0.794535
1007.859 0.821071
1008.092 0.834066
1008.323 0.816539
1008.556 0.854294
1008.788 0.828539
1009.021 0.814202
1009.253 0.807651
1009.485 0.80585
1009.718 0.830791
1009.950 0.823745
1010.183 0.819265
1010.415 0.837242
1010.648 0.844528
1010.881 0.845382
1011.113 0.863586
1011.346 0.868255
1011.579 0.870636
1011.812 0.855836
1012.045 0.857107
1012.279 0.827945
1012.511 0.864364
1012.744 0.855976
1012.978 0.877051
1013.211 0.831522
1013.445 0.844821
1013.678 0.866437
1013.911 0.853174
1014.145 0.881112
1014.378 0.857514
1014.612 0.855644
1014.845 0.899116
1015.079 0.89142
1015.313 0.895819
1015.547 0.907253
1015.781 0.895264
1016.014 0.89205
1016.249 0.910273
1016.482 0.919501
1016.717 0.923462
1016.951 0.940426
1017.185 0.956583
1017.419 0.937918
1017.653 0.925164
1017.888 0.865814
1018.122 0.901935
1018.357 0.920833
1018.591 0.909613
1018.826 0.883609
1019.060 0.910267
1019.295 0.918535
1019.530 0.967385
1019.764 0.991086
1020.000 0.96587
1020.234 0.991599
1020.469 1.01765
1020.704 0.955263
1020.939 0.9898
1021.174 0.946281
1021.409 0.969411
1021.645 1.02592
1021.880 0.991128
1022.116 1.03244
1022.351 1.02405
1022.586 1.02741
1022.822 1.02695
1023.057 1.03192
1023.293 1.07906
1023.528 1.04799
1023.764 1.03661
1024.000 1.06256
1024.236 1.04742
1024.472 1.04653
1024.707 1.05735
1024.944 1.07063
1025.179 1.08394
1025.416 1.13216
1025.652 1.15971
1025.888 1.17748
1026.124 1.16664
1026.360 1.18004
1026.597 1.21264
1026.833 1.19186
1027.070 1.20599
1027.306 1.17784
1027.543 1.22217
1027.780 1.19722
1028.016 1.18274
1028.253 1.20192
1028.490 1.24091
1028.727 1.24383
1028.963 1.21971
1029.201 1.23891
1029.437 1.24371
1029.674 1.21783
1029.912 1.2865
1030.149 1.25045
1030.386 1.24724
1030.623 1.23911
1030.861 1.25499
1031.098 1.24251
1031.335 1.24449
1031.573 1.25882
1031.810 1.25899
1032.048 1.28387
1032.286 1.27351
1032.524 1.24086
1032.761 1.22613
1032.999 1.26389
1033.237 1.3291
1033.475 1.33751
1033.713 1.30609
1033.951 1.29771
1034.189 1.3057
1034.427 1.30149
1034.666 1.27673
1034.904 1.27635
1035.142 1.28386
1035.380 1.25188
1035.619 1.24916
1035.858 1.22213
1036.096 1.22604
1036.335 1.19967
1036.573 1.19197
1036.812 1.18948
1037.051 1.18647
1037.289 1.18338
1037.528 1.2001
1037.767 1.14907
1038.006 1.14421
1038.245 1.16035
1038.484 1.12714
1038.724 1.12162
1038.963 1.13561
1039.202 1.12351
1039.441 1.09273
1039.681 1.07638
1039.920 1.08617
1040.159 1.07315
1040.399 1.07403
1040.639 1.05848
1040.878 1.05089
1041.118 1.06232
1041.358 1.04193
1041.598 1.03047
1041.837 1.04342
1042.077 1.02212
1042.317 1.01983
1042.557 1.03301
1042.797 1.021
1043.038 0.989917
1043.278 1.02193
1043.518 1.02585
1043.758 1.01814
1043.999 1.03998
1044.239 0.992278
1044.479 1.00753
1044.720 0.98197
1044.961 0.974011
1045.201 0.968069
1045.442 0.957243
1045.683 0.96522
1045.924 0.976122
1046.164 0.984548
1046.406 1.00007
1046.646 0.980043
1046.887 0.95676
1047.129 0.939488
1047.369 0.948683
1047.611 0.916154
1047.852 0.956641
1048.094 0.945373
1048.335 0.956704
1048.576 0.955187
1048.818 0.931771
1049.059 0.941703
1049.301 0.98039
1049.542 0.987916
1049.784 0.935419
1050.026 0.931871
1050.267 0.947048
1050.510 0.938949
1050.751 0.952922
1050.993 0.924773
1051.235 0.929779
1051.478 0.946875
1051.719 0.924924
1051.961 0.953696
1052.204 0.910024
1052.446 0.917445
1052.689 0.948797
1052.931 0.929552
1053.174 0.952648
1053.416 0.938346
1053.658 0.935074
1053.901 0.915485
1054.144 0.929703
1054.387 0.94561
1054.630 0.942518
1054.873 0.947865
1055.115 0.927356
1055.358 0.940136
1055.601 0.935395
1055.844 0.955857
1056.088 0.948154
1056.331 0.961067
1056.574 0.95816
1056.817 0.951402
1057.060 0.94266
1057.304 0.95336
1057.547 0.959802
1057.791 0.939668
1058.035 0.957911
1058.279 0.953208
1058.522 0.962146
1058.766 0.995491
1059.010 0.944374
1059.253 0.936562
1059.498 0.975031
1059.741 0.971207
1059.986 0.972327
1060.230 0.960471
1060.474 0.954287
1060.718 0.95822
1060.962 0.972179
1061.207 0.960208
1061.451 0.985445
1061.696 0.953902
1061.940 1.00597
1062.185 0.990854
1062.429 0.977702
1062.673 0.97645
1062.919 0.96471
1063.163 0.940396
1063.408 0.94857
1063.653 0.949173
1063.898 0.933668
1064.143 0.948548
1064.388 0.959085
1064.633 0.968572
1064.878 0.959535
1065.124 0.961187
1065.369 0.968843
1065.614 0.954252
1065.859 0.962133
1066.105 0.931347
1066.350 0.975859
1066.596 0.957422
1066.842 0.950491
1067.087 0.955503
1067.333 0.946127
1067.579 0.948163
1067.824 0.968597
1068.071 0.986041
1068.316 0.983288
1068.563 0.995093
1068.808 0.96076
1069.055 0.978278
1069.301 0.975668
1069.547 0.984796
1069.794 0.990495
1070.040 0.963107
1070.286 0.942079
1070.533 0.940663
1070.780 0.927121
1071.026 0.936456
1071.272 0.958262
1071.519 0.939298
1071.766 0.963492
1072.013 0.972871
1072.260 0.964989
1072.507 0.95157
1072.754 0.947421
1073.001 0.948525
1073.248 0.935464
1073.495 0.94159
1073.742 0.980416
1073.989 0.939332
1074.237 0.971266
1074.484 0.960671
1074.732 0.940156
1074.979 0.94855
1075.226 0.940645
1075.474 0.948865
1075.722 0.946189
1075.970 0.928756
1076.217 0.914793
1076.465 0.90615
1076.713 0.898074
1076.961 0.937316
1077.209 0.938622
1077.457 0.896667
1077.705 0.889049
1077.953 0.885455
1078.202 0.899974
1078.450 0.920491
1078.698 0.913496
1078.947 0.933106
1079.195 0.90157
1079.444 0.90251
1079.692 0.904448
1079.941 0.88947
1080.189 0.888388
1080.438 0.885944
1080.687 0.905027
1080.936 0.898117
1081.185 0.893186
1081.434 0.904749
1081.683 0.902365
1081.932 0.890433
1082.181 0.897748
1082.430 0.883883
1082.679 0.877758
1082.929 0.901623
1083.178 0.884813
1083.428 0.858181
1083.677 0.855714
1083.927 0.87593
1084.177 0.857432
1084.426 0.892267
1084.676 0.891775
1084.926 0.867403
1085.176 0.844671
1085.425 0.862422
1085.675 0.875329
1085.925 0.868814
1086.175 0.87342
1086.426 0.861952
1086.676 0.843996
1086.926 0.854722
1087.176 0.869774
1087.426 0.849863
1087.677 0.852543
1087.927 0.829279
1088.178 0.858833
1088.428 0.889524
1088.679 0.868948
1088.930 0.852115
1089.180 0.866844
1089.432 0.845139
1089.682 0.845507
1089.933 0.868218
1090.184 0.866446
1090.436 0.855453
1090.687 0.857265
1090.937 0.849488
1091.189 0.839163
1091.440 0.857208
1091.692 0.816736
1091.943 0.824032
1092.195 0.810745
1092.446 0.802464
1092.697 0.807999
1092.949 0.820123
1093.201 0.805259
1093.453 0.798001
1093.704 0.824202
1093.956 0.818217
1094.208 0.812549
1094.460 0.827543
1094.712 0.844582
1094.964 0.823054
1095.217 0.824831
1095.469 0.79888
1095.721 0.788981
1095.973 0.812364
1096.225 0.822081
1096.478 0.801214
1096.730 0.804055
1096.983 0.807973
1097.236 0.788827
1097.489 0.790429
1097.741 0.83198
1097.994 0.824292
1098.247 0.827973
1098.500 0.825151
1098.753 0.807047
1099.006 0.790489
1099.259 0.800665
1099.512 0.805274
1099.765 0.811475
1100.018 0.798298
1100.271 0.794058
1100.525 0.777874
1100.778 0.784999
1101.032 0.795463
1101.286 0.822988
1101.539 0.800296
1101.793 0.764173
1102.046 0.781053
1102.300 0.765941
1102.554 0.812624
1102.808 0.794211
1103.062 0.811237
1103.316 0.809753
1103.570 0.781021
1103.824 0.79305
1104.079 0.803852
1104.333 0.794566
1104.587 0.799416
1104.841 0.806627
1105.096 0.826486
1105.350 0.840985
1105.605 0.829956
1105.860 0.828813
1106.114 0.833547
1106.369 0.837645
1106.624 0.808106
1106.879 0.79593
1107.133 0.793719
1107.388 0.825823
1107.643 0.795031
1107.898 0.811822
1108.154 0.828524
1108.409 0.801768
1108.664 0.822189
1108.919 0.813528
1109.174 0.80988
1109.430 0.837489
1109.685 0.824442
1109.941 0.810298
1110.197 0.835294
1110.453 0.812581
1110.708 0.804414
1110.964 0.826529
1111.220 0.821502
1111.475 0.814796
1111.732 0.824564
1111.988 0.861942
1112.244 0.840193
1112.500 0.843693
1112.756 0.844574
1113.012 0.836508
1113.268 0.824107
1113.525 0.841354
1113.781 0.843607
1114.038 0.822607
1114.294 0.816035
1114.551 0.851569
1114.808 0.834495
1115.064 0.852995
1115.321 0.849079
1115.578 0.825533
1115.835 0.827336
1116.092 0.835176
1116.349 0.856994
1116.606 0.818441
1116.863 0.841615
1117.120 0.839913
1117.377 0.797498
1117.635 0.833334
1117.892 0.839667
1118.150 0.829834
1118.407 0.835626
1118.665 0.829889
1118.922 0.803166
1119.180 0.799522
1119.438 0.81632
1119.695 0.823209
1119.954 0.851289
1120.211 0.857201
1120.469 0.856709
1120.727 0.833345
1120.985 0.805735
1121.244 0.822161
1121.502 0.847915
1121.760 0.815098
1122.018 0.828113
1122.276 0.838265
1122.535 0.848833
1122.793 0.846565
1123.052 0.841618
1123.311 0.850531
1123.570 0.849086
1123.828 0.839369
1124.087 0.828603
1124.346 0.793754
1124.605 0.834204
1124.864 0.863343
1125.123 0.83395
1125.382 0.828117
1125.641 0.83299
1125.900 0.835418
1126.160 0.837097
1126.419 0.828158
1126.678 0.85708
1126.938 0.831485
1127.198 0.826476
1127.457 0.82784
1127.716 0.804162
1127.976 0.826288
1128.236 0.835203
1128.496 0.806557
1128.756 0.858981
1129.016 0.868884
1129.276 0.844275
1129.535 0.81474
1129.796 0.826062
1130.056 0.780605
1130.316 0.772664
1130.576 0.77272
1130.837 0.788111
1131.097 0.788391
1131.357 0.789286
1131.618 0.795911
1131.879 0.79953
1132.140 0.803998
1132.400 0.760226
1132.661 0.775156
1132.922 0.767193
1133.182 0.774364
1133.444 0.762823
1133.704 0.783417
1133.966 0.776579
1134.227 0.772254
1134.488 0.790202
1134.749 0.789802
1135.010 0.800477
1135.272 0.796165
1135.533 0.76537
1135.795 0.756148
1136.056 0.772023
1136.318 0.751014
1136.580 0.755183
1136.841 0.751608
1137.103 0.754551
1137.365 0.751847
1137.627 0.756237
1137.889 0.758927
1138.151 0.753043
1138.413 0.773778
1138.675 0.781326
1138.938 0.765818
1139.200 0.755066
1139.462 0.755374
1139.724 0.764846
1139.987 0.753477
1140.250 0.747667
1140.512 0.755888
1140.775 0.776521
1141.037 0.773667
1141.300 0.771352
1141.563 0.758911
1141.826 0.76857
1142.089 0.762074
1142.352 0.744541
1142.615 0.740922
1142.878 0.771974
1143.141 0.772085
1143.404 0.767076
1143.668 0.77372
1143.931 0.784048
1144.194 0.803039
1144.458 0.776861
1144.722 0.791677
1144.985 0.766488
1145.249 0.755662
1145.513 0.761666
1145.776 0.769658
1146.041 0.775927
1146.304 0.780395
1146.568 0.77967
1146.833 0.779329
1147.096 0.783894
1147.361 0.757869
1147.625 0.76786
1147.889 0.768917
1148.153 0.74556
1148.418 0.781847
1148.682 0.748492
1148.947 0.744553
1149.212 0.775623
1149.476 0.771106
1149.741 0.768208
1150.006 0.772426
1150.271 0.758234
1150.535 0.766783
1150.800 0.77614
1151.065 0.75905
1151.330 0.749513
1151.596 0.763408
1151.861 0.755649
1152.126 0.773792
1152.391 0.722733
1152.656 0.749152
1152.922 0.766733
1153.188 0.772456
1153.453 0.762967
1153.719 0.795222
1153.985 0.781518
1154.250 0.773992
1154.516 0.77117
1154.782 0.765663
1155.048 0.772761
1155.314 0.767716
1155.580 0.777165
1155.846 0.78837
1156.112 0.792825
1156.378 0.780275
1156.645 0.752077
1156.911 0.765464
1157.178 0.735784
1157.444 0.750411
1157.711 0.787119
1157.977 0.787321
1158.243 0.792148
1158.510 0.786948
1158.777 0.791251
1159.044 0.803864
1159.311 0.795353
1159.578 0.76107
1159.845 0.787882
1160.112 0.800922
1160.379 0.799864
1160.646 0.80672
1160.914 0.789185
1161.181 0.811915
1161.449 0.802583
1161.716 0.816495
1161.983 0.821244
1162.251 0.816886
1162.519 0.794853
1162.787 0.793655
1163.054 0.803992
1163.322 0.828695
1163.590 0.818814
1163.858 0.849228
1164.126 0.836103
1164.394 0.82736
1164.662 0.822273
1164.930 0.807386
1165.199 0.825509
1165.467 0.837913
1165.735 0.833514
1166.004 0.805226
1166.272 0.836918
1166.541 0.828138
1166.809 0.796935
1167.078 0.858889
1167.347 0.840388
1167.615 0.840779
1167.885 0.832346
1168.153 0.8301
1168.423 0.830914
1168.692 0.852507
1168.961 0.855167
1169.230 0.860286
1169.499 0.870756
1169.769 0.857815
1170.038 0.885128
1170.307 0.902625
1170.577 0.893957
1170.847 0.856221
1171.116 0.884289
1171.385 0.894647
1171.656 0.869366
1171.925 0.848246
1172.195 0.885935
1172.465 0.893766
1172.735 0.898033
1173.005 0.911765
1173.275 0.950758
1173.546 0.924288
1173.816 0.922969
1174.086 0.91899
1174.356 0.888659
1174.627 0.897712
1174.897 0.898977
1175.168 0.907072
1175.439 0.895501
1175.709 0.919543
1175.980 0.912732
1176.251 0.926285
1176.522 0.913282
1176.793 0.92041
1177.063 0.937365
1177.335 0.971498
1177.606 0.935075
1177.877 0.958722
1178.148 0.941783
1178.420 0.963048
1178.691 0.950649
1178.962 0.925835
1179.234 0.962134
1179.505 0.968519
1179.777 0.911467
1180.049 0.936401
1180.321 0.964558
1180.592 0.957565
1180.864 0.96829
1181.136 0.957759
1181.408 0.952016
1181.680 0.948302
1181.952 0.9494
1182.225 0.971174
1182.497 0.955558
1182.769 0.953382
1183.041 0.943984
1183.314 0.964605
1183.586 0.983734
1183.859 0.996785
1184.132 0.995951
1184.404 0.991996
1184.677 1.02011
1184.950 1.02625
1185.222 1.03186
1185.496 1.05177
1185.768 1.04136
1186.042 1.02568
1186.315 1.02867
1186.588 1.05615
1186.861 1.05178
1187.134 1.04131
1187.408 1.03483
1187.681 1.06827
1187.955 1.08787
1188.228 1.05985
1188.502 1.07531
1188.776 1.06272
1189.049 1.10659
1189.323 1.14102
1189.597 1.09547
1189.871 1.09368
1190.145 1.11303
1190.420 1.15244
1190.693 1.18701
1190.968 1.1654
1191.242 1.19117
1191.516 1.16934
1191.791 1.16863
1192.065 1.17124
1192.340 1.21291
1192.614 1.21653
1192.889 1.22703
1193.164 1.18375
1193.438 1.19768
1193.713 1.22133
1193.988 1.24734
1194.263 1.27065
1194.538 1.28344
1194.813 1.29967
1195.088 1.31575
1195.363 1.27076
1195.639 1.32555
1195.914 1.29542
1196.190 1.30293
1196.465 1.35473
1196.741 1.37497
1197.016 1.37126
1197.291 1.38819
1197.568 1.37527
1197.843 1.4115
1198.119 1.40892
1198.395 1.42929
1198.671 1.43905
1198.947 1.47061
1199.223 1.43368
1199.499 1.42796
1199.775 1.46448
1200.052 1.47587
1200.328 1.47224
1200.605 1.49175
1200.881 1.5133
1201.157 1.53443
1201.434 1.56549
1201.711 1.58273
1201.988 1.59297
1202.264 1.63021
1202.542 1.63279
1202.818 1.67001
1203.095 1.74049
1203.372 1.74468
1203.649 1.71857
1203.927 1.77767
1204.204 1.76137
1204.481 1.8206
1204.758 1.80287
1205.036 1.86266
1205.313 1.8945
1205.591 1.9323
1205.869 1.91183
1206.146 2.00775
1206.424 1.97989
1206.702 1.93279
1206.979 2.03118
1207.258 2.05964
1207.535 2.04711
1207.814 2.10419
1208.092 2.19709
1208.370 2.19102
1208.648 2.26734
1208.926 2.28088
1209.205 2.34598
1209.483 2.31632
1209.762 2.40804
1210.041 2.44425
1210.320 2.49645
1210.598 2.50576
1210.876 2.52026
1211.156 2.6772
1211.434 2.75516
1211.714 2.75
1211.992 2.8062
1212.272 2.83449
1212.551 2.90465
1212.830 2.99773
1213.109 3.06325
1213.388 3.08233
1213.668 3.1126
1213.948 3.13449
1214.227 3.18306
1214.507 3.28461
1214.786 3.31791
1215.066 3.40363
1215.346 3.42474
1215.626 3.41028
1215.906 3.43451
1216.186 3.46656
1216.466 3.41559
1216.746 3.41829
1217.026 3.38796
1217.306 3.36614
1217.587 3.3025
1217.867 3.28419
1218.148 3.24228
1218.428 3.21035
1218.708 3.14542
1218.990 3.09368
1219.270 3.03948
1219.551 3.01519
1219.832 2.98131
1220.113 2.92526
1220.394 2.90601
1220.674 2.8577
1220.956 2.83383
1221.237 2.77194
1221.518 2.76336
1221.799 2.69597
1222.081 2.68117
1222.362 2.70009
1222.643 2.62884
1222.925 2.61281
1223.207 2.57253
1223.489 2.57009
1223.770 2.55385
1224.052 2.52758
1224.334 2.49928
1224.616 2.48061
1224.898 2.48758
1225.180 2.46127
1225.462 2.42897
1225.744 2.40813
1226.027 2.42896
1226.309 2.39375
1226.591 2.39074
1226.874 2.40434
1227.156 2.37968
1227.439 2.36024
1227.722 2.3443
1228.005 2.3268
1228.287 2.32166
1228.570 2.34468
1228.853 2.34299
1229.136 2.32825
1229.419 2.31377
1229.702 2.30793
1229.986 2.31545
1230.269 2.31805
1230.552 2.31985
1230.835 2.32833
1231.118 2.33141
1231.402 2.30962
1231.686 2.31386
1231.970 2.30374
1232.253 2.30977
1232.537 2.32966
1232.821 2.31648
1233.104 2.33323
1233.389 2.32386
1233.672 2.30166
1233.957 2.33224
1234.241 2.33781
1234.525 2.33264
1234.809 2.36316
1235.094 2.35192
1235.378 2.33149
1235.662 2.32599
1235.948 2.34274
1236.232 2.31971
1236.517 2.31871
1236.801 2.33358
1237.087 2.32953
1237.371 2.30129
1237.656 2.29312
1237.941 2.29436
1238.226 2.29565
1238.511 2.25524
1238.796 2.27364
1239.082 2.26795
1239.367 2.24056
1239.652 2.23578
1239.938 2.20053
1240.223 2.20433
1240.509 2.18035
1240.795 2.15754
1241.081 2.14429
1241.366 2.11309
1241.652 2.06503
1241.938 2.01577
1242.224 2.03622
1242.510 2.01464
1242.796 1.95202
1243.083 1.94271
1243.369 1.94955
1243.655 1.92584
1243.942 1.91542
1244.228 1.8813
1244.515 1.8613
1244.801 1.8365
1245.088 1.83007
1245.375 1.79952
1245.661 1.80382
1245.948 1.76236
1246.235 1.74599
1246.522 1.72481
1246.809 1.71368
1247.096 1.72892
1247.383 1.6778
1247.670 1.68546
1247.958 1.65501
1248.245 1.67203
1248.533 1.64761
1248.820 1.63395
1249.108 1.60121
1249.396 1.61523
1249.683 1.60584
1249.971 1.57081
1250.259 1.58226
1250.547 1.57241
1250.835 1.55813
1251.123 1.55202
1251.411 1.55348
1251.699 1.54722
1251.987 1.53349
1252.276 1.54303
1252.564 1.53147
1252.852 1.51252
1253.141 1.49605
1253.430 1.50063
1253.718 1.48833
1254.007 1.48349
1254.296 1.47716
1254.585 1.49147
1254.873 1.48472
1255.163 1.47576
1255.452 1.46381
1255.740 1.45686
1256.030 1.45502
1256.319 1.46508
1256.609 1.45389
1256.898 1.4669
1257.188 1.43748
1257.477 1.44634
1257.766 1.44861
1258.056 1.42659
1258.345 1.41366
1258.636 1.43292
1258.925 1.42521
1259.215 1.40956
1259.505 1.43499
1259.795 1.41236
1260.085 1.4004
1260.375 1.41039
1260.666 1.39493
1260.956 1.4134
1261.247 1.39251
1261.537 1.39547
1261.827 1.40247
1262.118 1.4001
1262.408 1.39827
1262.699 1.40013
1262.990 1.37946
1263.281 1.38719
1263.572 1.3779
1263.863 1.3594
1264.154 1.34445
1264.445 1.35625
1264.736 1.33765
1265.027 1.33546
1265.319 1.33802
1265.610 1.32945
1265.901 1.31975
1266.193 1.31492
1266.484 1.29374
1266.776 1.30643
1267.068 1.28373
1267.360 1.28658
1267.652 1.29626
1267.943 1.28676
1268.236 1.27954
1268.527 1.26969
1268.820 1.26155
1269.112 1.27434
1269.404 1.2516
1269.697 1.24267
1269.989 1.22691
1270.281 1.24544
1270.574 1.22892
1270.867 1.22535
1271.159 1.22341
1271.452 1.19876
1271.745 1.21853
1272.037 1.20475
1272.331 1.20094
1272.623 1.18207
1272.917 1.17673
1273.210 1.18669
1273.503 1.17839
1273.796 1.1656
1274.089 1.17075
1274.383 1.1822
1274.676 1.17017
1274.970 1.16897
1275.263 1.17372
1275.557 1.15964
1275.851 1.14564
1276.144 1.16547
1276.439 1.14208
1276.732 1.15055
1277.027 1.13341
1277.320 1.15518
1277.615 1.14591
1277.909 1.13589
1278.204 1.12989
1278.498 1.14131
1278.792 1.13063
1279.087 1.1207
1279.381 1.12364
1279.676 1.13241
1279.970 1.10392
1280.266 1.12654
1280.560 1.12509
1280.855 1.12488
1281.150 1.12106
1281.445 1.11189
1281.740 1.11564
1282.035 1.11348
1282.331 1.10503
1282.626 1.10066
1282.922 1.11257
1283.217 1.12817
1283.512 1.11637
1283.808 1.11443
1284.103 1.11403
1284.399 1.10744
1284.695 1.12149
1284.991 1.12122
1285.287 1.11148
1285.582 1.09299
1285.879 1.12162
1286.175 1.12135
1286.471 1.1267
1286.767 1.0983
1287.064 1.09175
1287.360 1.11698
1287.656 1.12202
1287.953 1.10635
1288.249 1.11743
1288.546 1.11803
1288.843 1.12018
1289.140 1.1202
1289.437 1.11589
1289.733 1.1254
1290.031 1.11177
1290.327 1.11804
1290.625 1.12317
1290.922 1.13331
1291.219 1.12322
1291.516 1.13202
1291.814 1.12448
1292.112 1.12483
1292.409 1.14712
1292.707 1.14318
1293.004 1.13608
1293.302 1.14561
1293.600 1.14861
1293.897 1.13211
1294.196 1.14174
1294.494 1.15413
1294.792 1.15348
1295.090 1.15574
1295.389 1.14151
1295.687 1.15091
1295.985 1.16572
1296.283 1.17846
1296.582 1.16325
1296.881 1.16556
1297.179 1.18945
1297.478 1.19429
1297.777 1.17556
1298.075 1.18476
1298.375 1.18669
1298.673 1.17965
1298.973 1.1968
1299.271 1.20876
1299.571 1.20432
1299.870 1.20945
1300.169 1.22785
1300.469 1.21867
1300.768 1.22432
1301.068 1.22539
1301.367 1.23191
1301.667 1.2404
1301.967 1.22137
1302.266 1.24429
1302.567 1.22194
1302.866 1.2279
1303.167 1.24031
1303.467 1.22992
1303.767 1.23586
1304.067 1.2249
1304.367 1.21918
1304.668 1.23305
1304.968 1.21739
1305.269 1.22584
1305.569 1.23028
1305.870 1.21959
1306.171 1.21515
1306.471 1.22262
1306.772 1.2213
1307.073 1.21545
1307.375 1.22268
1307.675 1.22066
1307.977 1.20623
1308.278 1.20354
1308.579 1.20741
1308.880 1.19375
1309.182 1.19065
1309.483 1.19195
1309.785 1.16925
1310.087 1.1771
1310.388 1.17584
1310.689 1.16202
1310.992 1.1542
1311.293 1.14346
1311.596 1.15763
1311.897 1.15852
1312.200 1.14393
1312.502 1.12728
1312.804 1.13771
1313.107 1.13225
1313.409 1.12043
1313.711 1.11533
1314.014 1.11489
1314.317 1.11077
1314.619 1.10384
1314.922 1.10824
1315.225 1.10251
1315.527 1.1112
1315.831 1.10238
1316.133 1.09244
1316.437 1.08841
1316.740 1.0874
1317.043 1.08831
1317.346 1.10191
1317.649 1.10491
1317.953 1.09575
1318.256 1.08375
1318.560 1.07857
1318.864 1.07496
1319.167 1.08238
1319.471 1.07921
1319.775 1.06206
1320.079 1.06876
1320.383 1.06884
1320.687 1.07146
1320.991 1.0761
1321.295 1.06741
1321.600 1.05985
1321.904 1.07508
1322.209 1.07102
1322.513 1.07326
1322.818 1.06447
1323.122 1.0684
1323.427 1.08652
1323.732 1.07307
1324.036 1.07109
1324.342 1.08097
1324.646 1.08022
1324.952 1.07475
1325.256 1.06046
1325.562 1.06908
1325.867 1.07897
1326.172 1.08115
1326.478 1.09542
1326.783 1.08823
1327.089 1.08676
1327.394 1.10164
1327.700 1.08954
1328.006 1.08115
1328.312 1.10626
1328.618 1.10388
1328.923 1.11054
1329.230 1.10571
1329.535 1.10549
1329.842 1.11175
1330.148 1.13139
1330.455 1.10585
1330.761 1.10617
1331.067 1.1247
1331.374 1.1285
1331.680 1.12079
1331.987 1.12542
1332.294 1.12672
1332.601 1.13188
1332.907 1.1375
1333.214 1.13122
1333.521 1.12296
1333.828 1.11962
1334.136 1.1254
1334.443 1.13486
1334.750 1.13362
1335.057 1.12159
1335.365 1.13464
1335.672 1.13407
1335.980 1.13569
1336.288 1.13134
1336.595 1.11743
1336.904 1.11563
1337.211 1.13437
1337.519 1.11972
1337.827 1.12429
1338.135 1.10893
1338.443 1.11174
1338.751 1.10928
1339.060 1.10806
1339.368 1.10581
1339.676 1.1087
1339.985 1.09229
1340.293 1.11176
1340.603 1.10125
1340.911 1.08714
1341.220 1.09412
1341.529 1.08715
1341.837 1.08804
1342.147 1.09845
1342.455 1.09801
1342.765 1.10797
1343.074 1.10418
1343.384 1.09242
1343.693 1.09267
1344.002 1.07675
1344.312 1.10591
1344.621 1.08173
1344.931 1.085
1345.240 1.09252
1345.551 1.09194
1345.860 1.10286
1346.170 1.10026
1346.480 1.09826
1346.790 1.07041
1347.101 1.0707
1347.410 1.09632
1347.721 1.07982
1348.031 1.06781
1348.341 1.06816
1348.652 1.07456
1348.963 1.0764
1349.274 1.06237
1349.584 1.06285
1349.895 1.06137
1350.206 1.06478
1350.516 1.06102
1350.828 1.06672
1351.139 1.07729
1351.450 1.06418
1351.761 1.05493
1352.073 1.06382
1352.384 1.07743
1352.695 1.07572
1353.007 1.06362
1353.318 1.07071
1353.630 1.06607
1353.942 1.05933
1354.254 1.06832
1354.565 1.07776
1354.877 1.06654
1355.189 1.0635
1355.501 1.0629
1355.814 1.06247
1356.125 1.05757
1356.438 1.06167
1356.750 1.04817
1357.063 1.0568
1357.375 1.08488
1357.688 1.06377
1358.001 1.06097
1358.313 1.0476
1358.626 1.07413
1358.939 1.07439
1359.251 1.07308
1359.565 1.06182
1359.878 1.0644
1360.191 1.08055
1360.504 1.06824
1360.818 1.06692
1361.131 1.08542
1361.444 1.07894
1361.758 1.08151
1362.071 1.07908
1362.385 1.08319
1362.699 1.08546
1363.013 1.07818
1363.327 1.06788
1363.640 1.0874
1363.955 1.08298
1364.269 1.08175
1364.583 1.07411
1364.897 1.08022
1365.212 1.09233
1365.526 1.0811
1365.840 1.08015
1366.155 1.08336
1366.469 1.07065
1366.784 1.07223
1367.099 1.08403
1367.414 1.07035
1367.729 1.08938
1368.043 1.08497
1368.359 1.07484
1368.673 1.09365
1368.989 1.08036
1369.304 1.09552
1369.620 1.0921
1369.935 1.07463
1370.250 1.08668
1370.566 1.0773
1370.881 1.09476
1371.197 1.07973
1371.513 1.09264
1371.829 1.08977
1372.145 1.10386
1372.461 1.09172
1372.777 1.10107
1373.093 1.10516
1373.409 1.10762
1373.725 1.10323
1374.042 1.09774
1374.358 1.10611
1374.675 1.1044
1374.991 1.1013
1375.308 1.10933
1375.625 1.11909
1375.941 1.12475
1376.259 1.11597
1376.575 1.12111
1376.893 1.11813
1377.209 1.12346
1377.527 1.13258
1377.844 1.13213
1378.161 1.12935
1378.479 1.13859
1378.796 1.1282
1379.114 1.12726
1379.431 1.13767
1379.749 1.14536
1380.066 1.15564
1380.384 1.15439
1380.702 1.15241
1381.020 1.16543
1381.338 1.15976
1381.656 1.16634
1381.975 1.16193
1382.292 1.16526
1382.611 1.16123
1382.929 1.18944
1383.248 1.1904
1383.566 1.18703
1383.885 1.19133
1384.204 1.19199
1384.522 1.20732
1384.841 1.20694
1385.160 1.2107
1385.479 1.21529
1385.798 1.21253
1386.117 1.2231
1386.437 1.22953
1386.756 1.24112
1387.075 1.245
1387.395 1.256
1387.714 1.25504
1388.034 1.2541
1388.353 1.27668
1388.673 1.26395
1388.993 1.27593
1389.312 1.27891
1389.633 1.27803
1389.952 1.27286
1390.273 1.28946
1390.593 1.29618
1390.913 1.28405
1391.233 1.30036
1391.553 1.30731
1391.874 1.30775
1392.194 1.30885
1392.515 1.27865
1392.836 1.30081
1393.157 1.29691
1393.478 1.31966
1393.798 1.3223
1394.119 1.31133
1394.440 1.31938
1394.762 1.32227
1395.083 1.31916
1395.404 1.3284
1395.725 1.33
1396.046 1.31569
1396.368 1.32636
1396.689 1.31954
1397.012 1.32768
1397.333 1.32676
1397.655 1.31647
1397.977 1.31647
1398.298 1.30798
1398.621 1.32028
1398.943 1.32891
1399.265 1.31518
1399.587 1.31843
1399.910 1.33278
1400.232 1.32191
1400.554 1.30911
1400.877 1.31094
1401.199 1.29987
1401.522 1.30256
1401.845 1.28688
1402.168 1.26548
1402.490 1.26677
1402.813 1.27555
1403.137 1.26379
1403.459 1.26847
1403.783 1.2722
1404.106 1.25185
1404.430 1.24554
1404.753 1.24106
1405.076 1.22179
1405.400 1.23405
1405.723 1.20091
1406.047 1.19342
1406.371 1.20547
1406.695 1.18434
1407.019 1.1828
1407.343 1.18642
1407.667 1.1773
1407.991 1.17978
1408.316 1.17203
1408.640 1.17401
1408.964 1.17212
1409.289 1.15221
1409.613 1.15212
1409.938 1.15444
1410.262 1.14617
1410.587 1.13007
1410.912 1.1342
1411.237 1.13482
1411.562 1.12202
1411.887 1.11568
1412.212 1.11054
1412.537 1.10796
1412.863 1.1047
1413.188 1.10994
1413.514 1.11194
1413.839 1.1035
1414.164 1.09667
1414.490 1.09
1414.816 1.08727
1415.142 1.07401
1415.467 1.07079
1415.794 1.07839
1416.120 1.09295
1416.445 1.08311
1416.772 1.08031
1417.098 1.0662
1417.425 1.06926
1417.751 1.07678
1418.078 1.05639
1418.404 1.06479
1418.730 1.06852
1419.057 1.0574
1419.384 1.05646
1419.711 1.0465
1420.038 1.04145
1420.365 1.06152
1420.692 1.06748
1421.019 1.06103
1421.346 1.04676
1421.673 1.03504
1422.001 1.05119
1422.328 1.06277
1422.656 1.04235
1422.984 1.03849
1423.312 1.03802
1423.639 1.03411
1423.967 1.03306
1424.295 1.02612
1424.623 1.0383
1424.951 1.02107
1425.279 1.03481
1425.608 1.035
1425.936 1.02395
1426.265 1.03313
1426.593 1.02296
1426.921 1.01829
1427.250 1.01628
1427.578 1.01971
1427.907 1.03019
1428.236 1.03245
1428.565 1.01995
1428.894 1.00541
1429.223 1.02156
1429.552 1.01271
1429.881 1.01515
1430.211 1.02205
1430.540 1.01068
1430.870 1.0058
1431.199 1.01293
1431.528 1.00529
1431.858 1.01128
1432.188 1.02539
1432.518 1.0197
1432.847 1.0135
1433.178 1.02235
1433.507 1.01476
1433.837 0.996683
1434.168 0.998732
1434.498 1.00855
1434.829 0.986135
1435.159 0.996558
1435.490 0.996146
1435.820 0.998086
1436.150 1.00677
1436.481 1.00305
1436.812 1.00418
1437.143 1.00224
1437.474 1.00286
1437.805 0.976534
1438.136 0.997239
1438.467 0.982288
1438.799 0.996365
1439.130 0.984762
1439.461 0.983996
1439.792 0.990657
1440.125 0.976109
1440.456 0.984663
1440.787 0.992991
1441.120 0.983913
1441.451 0.978848
1441.783 0.979016
1442.115 0.986084
1442.448 0.964237
1442.779 0.976849
1443.111 0.984062
1443.444 0.971514
1443.776 0.963012
1444.109 0.986227
1444.441 0.981507
1444.774 0.984745
1445.107 0.979471
1445.439 0.980877
1445.773 0.984266
1446.105 0.977323
1446.439 0.980129
1446.771 0.973876
1447.105 0.972945
1447.438 0.974626
1447.771 0.979663
1448.105 0.968285
1448.438 0.970536
1448.772 0.973969
1449.105 0.972216
1449.439 0.970519
1449.773 0.987223
1450.106 0.973712
1450.441 0.976567
1450.774 0.972135
1451.109 0.975627
1451.443 0.984722
1451.777 0.979187
1452.111 0.97909
1452.445 0.9741
1452.780 0.987523
1453.115 0.980874
1453.450 0.98277
1453.784 0.984487
1454.119 0.988218
1454.454 0.971055
1454.788 0.972472
1455.124 0.986986
1455.459 0.97978
1455.794 0.97972
1456.129 0.970918
1456.465 0.96701
1456.800 0.981644
1457.135 0.980653
1457.471 0.972206
1457.806 0.979325
1458.143 0.990602
1458.478 0.970618
1458.814 0.979836
1459.150 0.994627
1459.486 0.969506
1459.822 0.975958
1460.158 0.977951
1460.495 0.979888
1460.831 0.97509
1461.168 0.979707
1461.504 0.979547
1461.840 0.968479
1462.177 0.9771
1462.513 0.976823
1462.851 0.980815
1463.187 0.965608
1463.525 0.974735
1463.861 0.981911
1464.198 0.982055
1464.536 0.975502
1464.873 0.988402
1465.210 0.978644
1465.547 0.977031
1465.885 0.977009
1466.223 0.992964
1466.560 0.976404
1466.898 0.980531
1467.236 0.99388
1467.574 0.971274
1467.912 0.985107
1468.250 0.988251
1468.588 0.978528
1468.926 0.974394
1469.264 0.979139
1469.602 0.986503
1469.941 0.977592
1470.279 0.979117
1470.618 0.988438
1470.957 0.982611
1471.295 0.994996
1471.635 0.992568
1471.973 0.992352
1472.313 0.993682
1472.651 0.981802
1472.991 0.979885
1473.330 0.977493
1473.668 0.995159
1474.008 0.997608
1474.347 0.987623
1474.688 0.997446
1475.027 0.995159
1475.367 1.00105
1475.706 0.999727
1476.047 0.996169
1476.386 0.994299
1476.726 0.994869
1477.066 1.00626
1477.406 1.001
1477.747 0.996382
1478.087 1.00413
1478.427 1.0041
1478.768 0.997015
1479.109 0.998991
1479.449 1.00699
1479.789 1.0075
1480.130 1.00001
1480.471 1.01089
1480.812 0.999816
1481.153 0.998528
1481.495 1.01252
1481.835 1.01039
1482.176 1.00835
1482.518 1.01655
1482.859 1.01907
1483.201 1.00945
1483.542 1.00663
1483.884 1.01636
1484.226 1.02613
1484.567 1.02353
1484.910 1.01477
1485.251 1.01399
1485.594 1.02207
1485.935 1.01744
1486.278 1.01228
1486.620 1.00956
1486.962 1.00855
1487.305 1.00882
1487.647 1.01826
1487.990 1.01327
1488.332 1.0186
1488.676 1.02074
1489.018 1.01855
1489.361 1.02631
1489.704 1.0385
1490.047 1.02976
1490.390 1.00506
1490.733 1.01901
1491.077 1.01792
1491.420 1.03489
1491.763 1.03701
1492.107 1.02957
1492.450 1.0339
1492.794 1.03003
1493.138 1.0381
1493.482 1.0413
1493.826 1.03827
1494.169 1.0368
1494.514 1.04324
1494.858 1.04059
1495.203 1.03547
1495.547 1.04843
1495.891 1.04908
1496.235 1.03876
1496.580 1.04798
1496.925 1.03739
1497.269 1.04943
1497.615 1.05818
1497.959 1.05456
1498.304 1.06097
1498.649 1.05149
1498.994 1.0458
1499.339 1.05331
1499.684 1.06648
1500.030 1.06758
1500.375 1.06063
1500.721 1.05464
1501.067 1.05323
1501.412 1.06282
1501.758 1.05444
1502.104 1.066
1502.450 1.0689
1502.796 1.06551
1503.142 1.06555
1503.488 1.07719
1503.834 1.0671
1504.181 1.06873
1504.527 1.07812
1504.874 1.07454
1505.220 1.08102
1505.567 1.07002
1505.913 1.07429
1506.260 1.07661
1506.607 1.08141
1506.954 1.08754
1507.301 1.08508
1507.648 1.08942
1507.995 1.10217
1508.342 1.10465
1508.689 1.09832
1509.037 1.0973
1509.384 1.09389
1509.733 1.09332
1510.080 1.09783
1510.428 1.09907
1510.776 1.10035
1511.123 1.11886
1511.471 1.10181
1511.819 1.11681
1512.168 1.11059
1512.516 1.12313
1512.865 1.12367
1513.213 1.12793
1513.561 1.12817
1513.910 1.13311
1514.258 1.13764
1514.607 1.13113
1514.956 1.14491
1515.305 1.1575
1515.654 1.14609
1516.002 1.16029
1516.352 1.15719
1516.701 1.16257
1517.050 1.16934
1517.399 1.17497
1517.749 1.18119
1518.098 1.17662
1518.448 1.18543
1518.798 1.19434
1519.147 1.18894
1519.498 1.2015
1519.847 1.20323
1520.198 1.21598
1520.547 1.227
1520.897 1.21625
1521.248 1.21689
1521.598 1.23529
1521.949 1.24113
1522.299 1.25083
1522.650 1.25149
1523.000 1.26664
1523.350 1.27239
1523.702 1.27976
1524.052 1.29162
1524.404 1.29332
1524.754 1.2931
1525.106 1.30521
1525.457 1.31461
1525.808 1.32734
1526.160 1.33307
1526.511 1.32327
1526.863 1.34025
1527.214 1.35913
1527.566 1.35452
1527.917 1.35819
1528.269 1.37562
1528.621 1.38503
1528.973 1.40223
1529.326 1.40393
1529.677 1.41118
1530.030 1.41533
1530.382 1.43817
1530.735 1.43664
1531.087 1.44881
1531.439 1.46761
1531.793 1.46159
1532.145 1.46225
1532.498 1.48714
1532.851 1.49251
1533.204 1.51111
1533.557 1.51299
1533.911 1.51663
1534.264 1.53644
1534.616 1.53001
1534.970 1.55155
1535.323 1.58283
1535.678 1.57974
1536.031 1.58725
1536.385 1.61026
1536.739 1.63137
1537.092 1.62091
1537.446 1.638
1537.800 1.67892
1538.155 1.66927
1538.509 1.70552
1538.863 1.69497
1539.217 1.72066
1539.572 1.72455
1539.927 1.74152
1540.281 1.7253
1540.636 1.75988
1540.990 1.75288
1541.346 1.77862
1541.700 1.77816
1542.055 1.78806
1542.411 1.78861
1542.765 1.78561
1543.121 1.82698
1543.476 1.81434
1543.832 1.83316
1544.187 1.81261
1544.542 1.8215
1544.899 1.81897
1545.254 1.81329
1545.610 1.79955
1545.966 1.83394
1546.323 1.81929
1546.678 1.81486
1547.034 1.79874
1547.391 1.79443
1547.747 1.76858
1548.104 1.77195
1548.460 1.76521
1548.817 1.75697
1549.173 1.74058
1549.530 1.72008
1549.887 1.69315
1550.243 1.686
1550.601 1.68122
1550.958 1.6559
1551.315 1.62978
1551.672 1.60876
1552.029 1.59175
1552.387 1.56589
1552.744 1.56234
1553.102 1.52805
1553.459 1.50821
1553.818 1.51577
1554.175 1.48389
1554.533 1.46677
1554.891 1.46839
1555.249 1.44436
1555.607 1.42558
1555.965 1.41728
1556.324 1.41485
1556.682 1.39018
1557.040 1.381
1557.399 1.36682
1557.758 1.35722
1558.117 1.34509
1558.475 1.33344
1558.835 1.31641
1559.193 1.30174
1559.552 1.30174
1559.912 1.30088
1560.270 1.28484
1560.630 1.27429
1560.989 1.26698
1561.349 1.26416
1561.708 1.2487
1562.068 1.25266
1562.428 1.242
1562.787 1.22002
1563.148 1.22702
1563.507 1.21991
1563.868 1.21237
1564.228 1.2045
1564.587 1.19926
1564.948 1.1745
1565.308 1.18206
1565.669 1.18316
1566.029 1.175
1566.391 1.16799
1566.751 1.16226
1567.111 1.15921
1567.473 1.16005
1567.833 1.15323
1568.195 1.1461
1568.556 1.14972
1568.917 1.14871
1569.278 1.13551
1569.639 1.13549
1570.001 1.12608
1570.362 1.12923
1570.724 1.1206
1571.086 1.10995
1571.448 1.11203
1571.810 1.1071
1572.171 1.11221
1572.534 1.09763
1572.896 1.09848
1573.258 1.10708
1573.620 1.08521
1573.983 1.0911
1574.345 1.08727
1574.707 1.08979
1575.070 1.08732
1575.433 1.08379
1575.796 1.07867
1576.158 1.08916
1576.522 1.08814
1576.885 1.08344
1577.247 1.08088
1577.611 1.07434
1577.974 1.06888
1578.338 1.05974
1578.701 1.06453
1579.065 1.0579
1579.428 1.06241
1579.792 1.05549
1580.156 1.0563
1580.519 1.06162
1580.884 1.05579
1581.248 1.04987
1581.612 1.05149
1581.976 1.05562
1582.340 1.05088
1582.705 1.0523
1583.069 1.04303
1583.434 1.03984
1583.798 1.04458
1584.164 1.04179
1584.528 1.04961
1584.892 1.03775
1585.258 1.03717
1585.623 1.02687
1585.988 1.03047
1586.353 1.03837
1586.719 1.0319
1587.084 1.02616
1587.450 1.03069
1587.815 1.02765
1588.180 1.03213
1588.547 1.02363
1588.912 1.03256
1589.279 1.03328
1589.644 1.02448
1590.011 1.02332
1590.376 1.02246
1590.743 1.03671
1591.109 1.02695
1591.475 1.02244
1591.842 1.02801
1592.208 1.01573
1592.575 1.02286
1592.942 1.02089
1593.309 1.01496
1593.676 1.01897
1594.042 1.02104
1594.410 1.01771
1594.777 1.01073
1595.145 1.021
1595.511 1.02245
1595.879 1.01753
1596.247 1.02094
1596.614 1.02127
1596.982 1.0159
1597.349 1.02175
1597.718 1.01798
1598.085 1.01666
1598.454 1.01191
1598.821 1.01935
1599.189 1.02613
1599.558 1.01585
1599.926 1.01936
1600.295 1.01653
1600.663 1.01345
1601.032 1.02479
1601.401 1.01357
1601.769 1.00796
1602.138 1.02137
1602.507 1.01668
1602.876 1.0179
1603.245 1.01173
1603.615 1.02561
1603.984 1.01863
1604.353 1.02406
1604.723 1.02794
1605.092 1.02063
1605.462 1.01487
1605.831 1.0267
1606.202 1.01511
1606.571 1.02169
1606.941 1.01707
1607.311 1.01622
1607.681 1.01632
1608.052 1.01657
1608.422 1.02412
1608.793 1.01432
1609.163 1.01825
1609.533 1.02473
1609.904 1.01644
1610.274 1.01816
1610.646 1.01484
1611.016 1.03185
1611.388 1.01867
1611.758 1.01354
1612.129 1.01508
1612.501 1.01541
1612.872 1.02081
1613.244 1.01751
1613.615 1.02451
1613.987 1.01924
1614.358 1.02698
1614.730 1.01792
1615.102 1.02207
1615.474 1.02546
1615.846 1.02608
1616.218 1.02347
1616.591 1.02858
1616.962 1.02042
1617.334 1.02046
1617.707 1.02178
1618.080 1.02134
1618.453 1.0304
1618.825 1.03088
1619.198 1.02161
1619.571 1.02764
1619.943 1.02318
1620.317 1.01352
1620.690 1.02062
1621.063 1.02479
1621.436 1.02676
1621.810 1.02007
1622.183 1.01758
1622.557 1.0259
1622.931 1.02663
1623.304 1.02865
1623.678 1.03734
1624.052 1.02108
1624.426 1.02821
1624.800 1.03793
1625.174 1.02868
1625.549 1.0299
1625.923 1.03031
1626.297 1.0247
1626.672 1.03714
1627.047 1.03018
1627.421 1.0304
1627.795 1.04295
1628.171 1.03186
1628.545 1.0425
1628.921 1.04255
1629.296 1.03615
1629.671 1.04578
1630.046 1.03726
1630.421 1.04152
1630.797 1.04467
1631.172 1.03923
1631.548 1.04549
1631.924 1.03922
1632.300 1.0431
1632.676 1.05185
1633.051 1.0509
1633.428 1.04754
1633.804 1.05432
1634.180 1.05288
1634.556 1.0529
1634.933 1.05765
1635.309 1.06045
1635.686 1.05502
1636.063 1.05253
1636.439 1.04994
1636.816 1.04666
1637.193 1.04718
1637.571 1.0392
1637.947 1.03527
1638.324 1.04206
1638.702 1.03075
1639.079 1.03314
1639.457 1.01742
1639.834 1.02455
1640.212 1.03105
1640.589 1.02234
1640.967 1.01389
1641.345 1.01221
1641.723 1.00804
1642.101 1.01214
1642.479 0.998189
1642.858 1.00178
1643.236 0.996534
1643.614 1.00412
1643.993 0.99748
1644.371 0.996419
1644.750 0.99999
1645.129 0.998501
1645.508 1.00152
1645.887 1.00534
1646.266 0.995701
1646.645 1.00077
1647.024 0.997208
1647.403 0.994372
1647.782 0.994904
1648.162 0.991837
1648.542 0.999056
1648.922 0.992238
1649.301 0.989294
1649.681 0.982603
1650.061 0.985349
1650.440 0.99402
1650.821 0.990126
1651.201 0.988619
1651.582 0.986121
1651.962 0.985809
1652.343 0.999628
1652.723 0.991192
1653.103 0.991468
1653.484 0.994689
1653.864 0.991379
1654.246 0.994451
1654.626 0.984495
1655.008 0.998374
1655.389 0.999069
1655.769 0.990537
1656.151 0.989646
1656.532 0.996458
1656.914 0.998434
1657.295 0.999867
1657.678 1.00421
1658.059 1.00115
1658.440 1.00063
1658.823 1.00247
1659.204 1.00602
1659.587 0.99655
1659.969 1.00355
1660.352 1.00624
1660.734 0.992167
1661.116 0.99138
1661.499 0.994835
1661.881 1.00896
1662.264 1.00265
1662.646 0.97902
1663.030 1.00248
1663.412 0.991354
1663.795 0.978225
1664.179 0.979836
1664.562 0.984859
1664.946 0.984291
1665.328 0.980568
1665.713 0.977117
1666.096 0.972123
1666.479 0.977399
1666.863 0.971343
1667.247 0.97383
1667.631 0.982624
1668.015 0.956532
1668.399 0.966694
1668.783 0.9718
1669.167 0.962847
1669.552 0.964534
1669.936 0.966644
1670.321 0.95814
1670.706 0.960196
1671.091 0.951588
1671.475 0.947502
1671.860 0.95271
1672.245 0.939721
1672.630 0.948372
1673.016 0.950509
1673.401 0.93967
1673.786 0.941628
1674.172 0.943866
1674.557 0.930413
1674.943 0.935044
1675.328 0.932338
1675.714 0.931541
1676.100 0.93031
1676.486 0.922275
1676.872 0.921534
1677.258 0.925054
1677.645 0.915744
1678.031 0.919808
1678.417 0.915
1678.804 0.917491
1679.191 0.917422
1679.577 0.908629
1679.964 0.916315
1680.351 0.916241
1680.737 0.902456
1681.125 0.896836
1681.512 0.907628
1681.899 0.900975
1682.286 0.89913
1682.673 0.900484
1683.061 0.904867
1683.449 0.899136
1683.837 0.898298
1684.224 0.898477
1684.613 0.889899
1685.000 0.893438
1685.388 0.89779
1685.776 0.886522
1686.164 0.895135
1686.553 0.894866
1686.941 0.889428
1687.330 0.897072
1687.718 0.890547
1688.106 0.883265
1688.496 0.879914
1688.884 0.888028
1689.274 0.880182
1689.662 0.88525
1690.052 0.889666
1690.441 0.882133
1690.830 0.880844
1691.219 0.88439
1691.609 0.889687
1691.999 0.885663
1692.388 0.875072
1692.778 0.881466
1693.167 0.894456
1693.557 0.883805
1693.948 0.87178
1694.337 0.875607
1694.728 0.882619
1695.118 0.877478
1695.509 0.881268
1695.899 0.881617
1696.289 0.890643
1696.680 0.880684
1697.070 0.887146
1697.462 0.893652
1697.852 0.875513
1698.244 0.877584
1698.634 0.883557
1699.025 0.887961
1699.417 0.887147
1699.808 0.878654
1700.200 0.873895
1700.591 0.88175
1700.983 0.892206
1701.375 0.880204
1701.766 0.890913
1702.158 0.885319
1702.550 0.883945
1702.943 0.886329
1703.334 0.883027
1703.727 0.895577
1704.119 0.889342
1704.511 0.896687
1704.904 0.889086
1705.296 0.891516
1705.689 0.891896
1706.082 0.883837
1706.475 0.890138
1706.868 0.898119
1707.261 0.892239
1707.654 0.90225
1708.047 0.907681
1708.441 0.89595
1708.834 0.885332
1709.228 0.895659
1709.621 0.890955
1710.016 0.887708
1710.409 0.89212
1710.803 0.889665
1711.197 0.899127
1711.591 0.89473
1711.985 0.902938
1712.379 0.897508
1712.774 0.910814
1713.168 0.905024
1713.563 0.897795
1713.957 0.896304
1714.351 0.910268
1714.747 0.903532
1715.141 0.895713
1715.537 0.90628
1715.931 0.902846
1716.327 0.912878
1716.722 0.898003
1717.117 0.891482
1717.513 0.897273
1717.908 0.896814
1718.304 0.907141
1718.699 0.90779
1719.096 0.909259
1719.491 0.898106
1719.887 0.901512
1720.283 0.902059
1720.679 0.909588
1721.076 0.910679
1721.472 0.894608
1721.869 0.906803
1722.265 0.893495
1722.661 0.893714
1723.058 0.896383
1723.455 0.902132
1723.852 0.90056
1724.249 0.897107
1724.646 0.898375
1725.043 0.892743
1725.440 0.898671
1725.838 0.892545
1726.235 0.886838
1726.633 0.900056
1727.030 0.898564
1727.428 0.901523
1727.826 0.899654
1728.223 0.89141
1728.622 0.894406
1729.020 0.894688
1729.418 0.893949
1729.816 0.892113
1730.215 0.893421
1730.613 0.901634
1731.011 0.903944
1731.410 0.894718
1731.809 0.894179
1732.208 0.90255
1732.606 0.896199
1733.006 0.901569
1733.405 0.905446
1733.803 0.891507
1734.203 0.889758
1734.602 0.905332
1735.002 0.896108
1735.401 0.90554
1735.801 0.902088
1736.201 0.895287
1736.600 0.909445
1737.001 0.902948
1737.400 0.893435
1737.801 0.902584
1738.201 0.897809
1738.601 0.899009
1739.001 0.910594
1739.401 0.911022
1739.803 0.899534
1740.203 0.898518
1740.604 0.902008
1741.005 0.905831
1741.406 0.918515
1741.807 0.910078
1742.207 0.913671
1742.609 0.913855
1743.010 0.913924
1743.412 0.907395
1743.813 0.910043
1744.215 0.920451
1744.616 0.912818
1745.018 0.925243
1745.420 0.912373
1745.822 0.905906
1746.224 0.917672
1746.626 0.910038
1747.029 0.902555
1747.431 0.918069
1747.833 0.911218
1748.236 0.913269
1748.638 0.906512
1749.041 0.90451
1749.443 0.918167
1749.847 0.90148
1750.249 0.905896
1750.652 0.909774
1751.056 0.899451
1751.458 0.901894
1751.862 0.903829
1752.265 0.906549
1752.669 0.892919
1753.073 0.892176
1753.476 0.886664
1753.880 0.883144
1754.284 0.90264
1754.688 0.895939
1755.092 0.889895
1755.497 0.887593
1755.901 0.883331
1756.304 0.885571
1756.709 0.889099
1757.114 0.882201
1757.519 0.891349
1757.923 0.881168
1758.329 0.870486
1758.733 0.875389
1759.138 0.858988
1759.543 0.880131
1759.948 0.874335
1760.354 0.874828
1760.759 0.87194
1761.165 0.879855
1761.570 0.868621
1761.975 0.860515
1762.382 0.882771
1762.787 0.863492
1763.194 0.863554
1763.599 0.853328
1764.006 0.866608
1764.412 0.881865
1764.818 0.872316
1765.224 0.858421
1765.631 0.863682
1766.038 0.872046
1766.444 0.861077
1766.851 0.858736
1767.258 0.871869
1767.664 0.85614
1768.072 0.848019
1768.479 0.864427
1768.886 0.862564
1769.293 0.852227
1769.701 0.85684
1770.109 0.861311
1770.517 0.868712
1770.924 0.854364
1771.331 0.85556
1771.740 0.8552
1772.147 0.84971
1772.556 0.857148
1772.964 0.865175
1773.373 0.861882
1773.781 0.861772
1774.190 0.861961
1774.598 0.857818
1775.006 0.866046
1775.416 0.874681
1775.824 0.859966
1776.233 0.861751
1776.642 0.870666
1777.052 0.862046
1777.461 0.858924
1777.869 0.877387
1778.279 0.868266
1778.688 0.869587
1779.099 0.866279
1779.508 0.870812
1779.918 0.870837
1780.328 0.86531
1780.737 0.873466
1781.148 0.858508
1781.558 0.87411
1781.969 0.868381
1782.378 0.872923
1782.790 0.870355
1783.200 0.862556
1783.610 0.875157
1784.021 0.876442
1784.432 0.863562
1784.843 0.867612
1785.254 0.876038
1785.665 0.868062
1786.076 0.860663
1786.487 0.876336
1786.899 0.861219
1787.310 0.854379
1787.722 0.85628
1788.133 0.86299
1788.546 0.876926
1788.957 0.871482
1789.369 0.865223
1789.781 0.860947
1790.193 0.853623
1790.606 0.864107
1791.018 0.864285
1791.431 0.872056
1791.843 0.853136
1792.255 0.854195
1792.668 0.864019
1793.081 0.853395
1793.494 0.860184
1793.907 0.860214
1794.321 0.848299
1794.733 0.855022
1795.146 0.84736
1795.560 0.844712
1795.973 0.855123
1796.387 0.839973
1796.801 0.846053
1797.215 0.841541
1797.629 0.845779
1798.042 0.853939
1798.457 0.846709
1798.870 0.831828
1799.285 0.832819
1799.699 0.839925
1800.114 0.85436
1800.528 0.843805
1800.943 0.845759
1801.358 0.834218
1801.772 0.841167
1802.188 0.826387
1802.602 0.840981
1803.018 0.864704
1803.433 0.841478
1803.848 0.845452
1804.264 0.846426
1804.679 0.836255
1805.095 0.840959
1805.510 0.862101
1805.926 0.854487
1806.342 0.848459
1806.757 0.839285
1807.174 0.854332
1807.590 0.854189
1808.007 0.848105
1808.422 0.832191
1808.839 0.847268
1809.256 0.846869
1809.672 0.842415
1810.089 0.855759
1810.506 0.844875
1810.923 0.83702
1811.340 0.858025
1811.757 0.838959
1812.174 0.84684
1812.591 0.843775
1813.009 0.852731
1813.426 0.844983
1813.844 0.844006
1814.261 0.858118
1814.680 0.853125
1815.097 0.846603
1815.515 0.859356
1815.934 0.838717
1816.351 0.842989
1816.770 0.836639
1817.188 0.838566
1817.607 0.845978
1818.025 0.850678
1818.444 0.826789
1818.863 0.833078
1819.281 0.84139
1819.701 0.837856
1820.119 0.84563
1820.539 0.840329
1820.958 0.832748
1821.377 0.846048
1821.797 0.832484
1822.216 0.853945
1822.636 0.84511
1823.055 0.829883
1823.476 0.829334
1823.895 0.830994
1824.315 0.830954
1824.736 0.837618
1825.155 0.848598
1825.576 0.829388
1825.996 0.829605
1826.417 0.834361
1826.838 0.844153
1827.258 0.840767
1827.679 0.826086
1828.100 0.835439
1828.521 0.84229
1828.942 0.821594
1829.364 0.831781
1829.784 0.833707
1830.205 0.823821
1830.627 0.839341
1831.048 0.845413
1831.471 0.833582
1831.892 0.839632
1832.314 0.843258
1832.736 0.837698
1833.159 0.835666
1833.580 0.8413
1834.002 0.839318
1834.425 0.847948
1834.847 0.856065
1835.270 0.849548
1835.692 0.852567
1836.116 0.845773
1836.538 0.845021
1836.961 0.853591
1837.384 0.836894
1837.807 0.839817
1838.231 0.859185
1838.654 0.869405
1839.078 0.850803
1839.501 0.858666
1839.925 0.854132
1840.348 0.858663
1840.771 0.868709
1841.196 0.862292
1841.620 0.853188
1842.044 0.852913
1842.468 0.862739
1842.893 0.864376
1843.317 0.862839
1843.741 0.867999
1844.166 0.883078
1844.590 0.887205
1845.016 0.863895
1845.440 0.868886
1845.866 0.873959
1846.290 0.876341
1846.715 0.885677
1847.141 0.879343
1847.566 0.8778
1847.992 0.880594
1848.417 0.880463
1848.843 0.895029
1849.268 0.894404
1849.694 0.885454
1850.120 0.909253
1850.546 0.905346
1850.973 0.893859
1851.399 0.905615
1851.825 0.91058
1852.251 0.902221
1852.678 0.909902
1853.105 0.914207
1853.531 0.914523
1853.958 0.921267
1854.385 0.897698
1854.813 0.904969
1855.239 0.916252
1855.666 0.917879
1856.094 0.931442
1856.521 0.923054
1856.949 0.921311
1857.376 0.927164
1857.805 0.910647
1858.232 0.917918
1858.660 0.89896
1859.088 0.898012
1859.516 0.912288
1859.945 0.905857
1860.373 0.914659
1860.802 0.934599
1861.230 0.92058
1861.658 0.920815
1862.087 0.916837
1862.515 0.908682
1862.945 0.919606
1863.374 0.918079
1863.803 0.915935
1864.232 0.909847
1864.661 0.909241
1865.091 0.914626
1865.520 0.913273
1865.950 0.898573
1866.379 0.905529
1866.810 0.897829
1867.239 0.900939
1867.669 0.907121
1868.099 0.904199
1868.529 0.913586
1868.960 0.910594
1869.390 0.91009
1869.821 0.908677
1870.251 0.917536
1870.681 0.915758
1871.113 0.918906
1871.543 0.926314
1871.975 0.921294
1872.406 0.929314
1872.837 0.910179
1873.268 0.912702
1873.699 0.889259
1874.131 0.891691
1874.562 0.917597
1874.995 0.922316
1875.426 0.910962
1875.858 0.915691
1876.290 0.943025
1876.721 0.923598
1877.154 0.94055
1877.586 0.931703
1878.019 0.926987
1878.451 0.947082
1878.884 0.935102
1879.317 0.941929
1879.749 0.951191
1880.182 0.953801
1880.615 0.945485
1881.049 0.956037
1881.481 0.972435
1881.915 0.956317
1882.348 0.958363
1882.781 0.967358
1883.215 0.959567
1883.648 0.974862
1884.083 0.986771
1884.516 0.98927
1884.951 0.986879
1885.385 1.0015
1885.818 1.00733
1886.253 0.998027
1886.687 1.00383
1887.122 1.02849
1887.556 1.0316
1887.991 1.02677
1888.426 1.03631
1888.860 1.04314
1889.296 1.04807
1889.730 1.03519
1890.166 1.04994
1890.601 1.0559
1891.037 1.06742
1891.472 1.0669
1891.907 1.05494
1892.343 1.0683
1892.779 1.0728
1893.215 1.06269
1893.651 1.08123
1894.087 1.07671
1894.523 1.09019
1894.959 1.08263
1895.396 1.10208
1895.832 1.09901
1896.269 1.12318
1896.705 1.10471
1897.143 1.07617
1897.579 1.10857
1898.016 1.11652
1898.453 1.10576
1898.890 1.1057
1899.328 1.12414
1899.765 1.12389
1900.203 1.14429
1900.640 1.1306
1901.078 1.13241
1901.516 1.14027
1901.953 1.13739
1902.392 1.17899
1902.829 1.17406
1903.268 1.17845
1903.706 1.18238
1904.145 1.16296
1904.583 1.17173
1905.022 1.17423
1905.461 1.14679
1905.899 1.1773
1906.338 1.16995
1906.777 1.16041
1907.217 1.14023
1907.655 1.14544
1908.095 1.15847
1908.534 1.14124
1908.973 1.13954
1909.414 1.11489
1909.853 1.11722
1910.293 1.11778
1910.733 1.11986
1911.173 1.09701
1911.613 1.08603
1912.053 1.10031
1912.494 1.08824
1912.934 1.07294
1913.375 1.06833
1913.815 1.07408
1914.256 1.07239
1914.697 1.04391
1915.137 1.03218
1915.579 1.02877
1916.019 1.02799
1916.461 1.02818
1916.902 1.01249
1917.344 1.01286
1917.785 1.00109
1918.226 0.98799
1918.669 0.989093
1919.110 0.975069
1919.553 0.99152
1919.994 0.970882
1920.437 0.952938
1920.879 0.96043
1921.321 0.944961
1921.764 0.952802
1922.206 0.951413
1922.649 0.951711
1923.091 0.936877
1923.535 0.93198
1923.977 0.924675
1924.420 0.931406
1924.864 0.939681
1925.307 0.935201
1925.750 0.909904
1926.193 0.915534
1926.638 0.911068
1927.081 0.900946
1927.524 0.899031
1927.969 0.904767
1928.412 0.881589
1928.857 0.896872
1929.301 0.890709
1929.746 0.883398
1930.189 0.879224
1930.634 0.875117
1931.079 0.861578
1931.523 0.862839
1931.968 0.861286
1932.413 0.851646
1932.858 0.852603
1933.303 0.844228
1933.748 0.855505
1934.194 0.848853
1934.639 0.841793
1935.085 0.860387
1935.530 0.841574
1935.976 0.829013
1936.422 0.829199
1936.867 0.838013
1937.314 0.825589
1937.760 0.823374
1938.206 0.823314
1938.652 0.820016
1939.099 0.814908
1939.545 0.824449
1939.992 0.82767
1940.439 0.817243
1940.885 0.805745
1941.333 0.811153
1941.779 0.814104
1942.227 0.818882
1942.674 0.82246
1943.121 0.813759
1943.569 0.808561
1944.016 0.806082
1944.464 0.821485
1944.912 0.796187
1945.360 0.784208
1945.808 0.807856
1946.255 0.795277
1946.704 0.790325
1947.152 0.794424
1947.601 0.791503
1948.049 0.783781
1948.498 0.783612
1948.947 0.787648
1949.395 0.785046
1949.844 0.77282
1950.293 0.779678
1950.743 0.793491
1951.192 0.777616
1951.641 0.78039
1952.090 0.78618
1952.539 0.76753
1952.990 0.773855
1953.439 0.784155
1953.889 0.779787
1954.339 0.771163
1954.790 0.774974
1955.239 0.766562
1955.689 0.781121
1956.140 0.769392
1956.590 0.773884
1957.041 0.758062
1957.491 0.758234
1957.943 0.771094
1958.393 0.774966
1958.844 0.774732
1959.296 0.781425
1959.746 0.769671
1960.198 0.7705
1960.649 0.765185
1961.101 0.763437
1961.552 0.765419
1962.004 0.777339
1962.456 0.761545
1962.908 0.768709
1963.360 0.761179
1963.812 0.750189
1964.265 0.741745
1964.717 0.769287
1965.169 0.762803
1965.622 0.751816
1966.074 0.763524
1966.527 0.76008
1966.980 0.750146
1967.433 0.747928
1967.886 0.756207
1968.339 0.750533
1968.792 0.762281
1969.245 0.739491
1969.699 0.739087
1970.153 0.780222
1970.607 0.75666
1971.060 0.757978
1971.515 0.746454
1971.968 0.750698
1972.422 0.730829
1972.877 0.733118
1973.331 0.745976
1973.786 0.759236
1974.240 0.744421
1974.695 0.741162
1975.149 0.737977
1975.605 0.741508
1976.059 0.717409
1976.514 0.7284
1976.970 0.746771
1977.424 0.728091
1977.880 0.727181
1978.335 0.736214
1978.792 0.714337
1979.247 0.732729
1979.702 0.736719
1980.159 0.758762
1980.614 0.76177
1981.071 0.72228
1981.527 0.735463
1981.984 0.74301
1982.440 0.730294
1982.896 0.740115
1983.353 0.751894
1983.809 0.744455
1984.267 0.740217
1984.723 0.728843
1985.181 0.733901
1985.637 0.74941
1986.094 0.745765
1986.552 0.750328
1987.009 0.736911
1987.467 0.746328
1987.925 0.730091
1988.383 0.734362
1988.841 0.751478
1989.298 0.741277
1989.757 0.745928
1990.214 0.7454
1990.673 0.741625
1991.131 0.73068
1991.591 0.740175
1992.049 0.739885
1992.507 0.764688
1992.966 0.753618
1993.425 0.734355
1993.885 0.742915
1994.343 0.738276
1994.803 0.731762
1995.262 0.722968
1995.721 0.74298
1996.181 0.757077
1996.641 0.738295
1997.101 0.739823
1997.560 0.73113
1998.021 0.736107
1998.481 0.735929
1998.940 0.73305
1999.401 0.733778
1999.861 0.746946
2000.323 0.745932
2000.783 0.742803
2001.244 0.749687
2001.704 0.745385
2002.165 0.74268
2002.627 0.740652
2003.087 0.744153
2003.549 0.745699
2004.010 0.717588
2004.472 0.728867
2004.933 0.744317
2005.395 0.725988
2005.857 0.731456
2006.318 0.729882
2006.781 0.733443
2007.243 0.738737
2007.706 0.720259
2008.167 0.733688
2008.630 0.739337
2009.093 0.73502
2009.555 0.721606
2010.018 0.738173
2010.481 0.723304
2010.944 0.755611
2011.407 0.730468
2011.870 0.72627
2012.334 0.73729
2012.797 0.728886
2013.261 0.73613
2013.724 0.71851
2014.188 0.713803
2014.651 0.726868
2015.115 0.722309
2015.580 0.750179
2016.043 0.721697
2016.508 0.717597
2016.972 0.754613
2017.437 0.727116
2017.901 0.726369
2018.366 0.730284
2018.831 0.729988
2019.295 0.738985
2019.761 0.723237
2020.226 0.721056
2020.692 0.724766
2021.156 0.723714
2021.621 0.734192
2022.088 0.731174
2022.553 0.721364
2023.019 0.731759
2023.484 0.725406
2023.951 0.730526
2024.417 0.696554
2024.882 0.709865
2025.349 0.725589
2025.815 0.717142
2026.282 0.713569
2026.749 0.728824
2027.216 0.731767
2027.682 0.731355
2028.149 0.74986
2028.616 0.719837
2029.083 0.735214
2029.551 0.711002
2030.018 0.705441
2030.486 0.721938
2030.953 0.734285
2031.420 0.711306
2031.889 0.709414
2032.357 0.722148
2032.825 0.727066
2033.293 0.727103
2033.761 0.741285
2034.229 0.718751
2034.697 0.704099
2035.167 0.715296
2035.636 0.722827
2036.104 0.737212
2036.573 0.711503
2037.042 0.687756
2037.511 0.748154
2037.979 0.73057
2038.449 0.73383
2038.920 0.710454
2039.389 0.729107
2039.858 0.741698
2040.328 0.74009
2040.797 0.725777
2041.267 0.719322
2041.738 0.716521
2042.208 0.745148
2042.678 0.74107
2043.148 0.726166
2043.619 0.711974
2044.089 0.710838
2044.560 0.712768
2045.031 0.726631
2045.503 0.718114
2045.973 0.730582
2046.444 0.7329
2046.916 0.722513
2047.387 0.720395
2047.858 0.738779
2048.330 0.708172
2048.802 0.718738
2049.274 0.741339
2049.745 0.722254
2050.218 0.713007
2050.689 0.723157
2051.161 0.738554
2051.634 0.720777
2052.107 0.729644
2052.579 0.720482
2053.052 0.716333
2053.525 0.744818
2053.998 0.723709
2054.470 0.737966
2054.944 0.746039
2055.417 0.715804
2055.890 0.756415
2056.363 0.749936
2056.838 0.737297
2057.311 0.73907
2057.784 0.718166
2058.259 0.742471
2058.733 0.740314
2059.207 0.726897
2059.680 0.73418
2060.156 0.750966
2060.629 0.754107
2061.104 0.723284
2061.579 0.773157
2062.054 0.753814
2062.529 0.727389
2063.003 0.751811
2063.479 0.748219
2063.953 0.725947
2064.429 0.743285
2064.904 0.753775
2065.380 0.745482
2065.855 0.74156
2066.331 0.762522
2066.807 0.74993
2067.283 0.746959
2067.760 0.763462
2068.235 0.784686
2068.712 0.757465
2069.188 0.746462
2069.664 0.757493
2070.141 0.749011
2070.617 0.731905
2071.095 0.755735
2071.572 0.746077
2072.049 0.759904
2072.526 0.740696
2073.003 0.756314
2073.481 0.74258
2073.958 0.747735
2074.436 0.766735
2074.913 0.74651
2075.392 0.732896
2075.869 0.744458
2076.347 0.739366
2076.825 0.742081
2077.303 0.752767
2077.782 0.729627
2078.260 0.727909
2078.740 0.739335
2079.218 0.741337
2079.696 0.740412
2080.176 0.74997
2080.654 0.751559
2081.134 0.710035
2081.613 0.755812
2082.093 0.757927
2082.572 0.74444
2083.051 0.714455
2083.531 0.713239
2084.010 0.733968
2084.491 0.750562
2084.970 0.759545
2085.451 0.73067
2085.931 0.71868
2086.411 0.728964
2086.892 0.730329
2087.372 0.758499
2087.854 0.732609
2088.334 0.744171
2088.815 0.732597
2089.296 0.716087
2089.776 0.731602
2090.258 0.722579
2090.739 0.739714
2091.221 0.722572
2091.702 0.733442
2092.185 0.721465
2092.666 0.72028
2093.147 0.716882
2093.630 0.734159
2094.112 0.716672
2094.595 0.721195
2095.077 0.713352
2095.560 0.721128
2096.042 0.738393
2096.524 0.711621
2097.007 0.728744
2097.490 0.727801
2097.973 0.728919
2098.456 0.72688
2098.940 0.721985
2099.423 0.705129
2099.906 0.721006
2100.390 0.702832
2100.873 0.720418
2101.358 0.729356
2101.841 0.730489
2102.326 0.72928
2102.810 0.71609
2103.293 0.722814
2103.778 0.732348
2104.262 0.732513
2104.747 0.725625
2105.232 0.71474
2105.717 0.727134
2106.201 0.696552
2106.686 0.710501
2107.172 0.703241
2107.658 0.711531
2108.143 0.708087
2108.628 0.739881
2109.114 0.735955
2109.599 0.724433
2110.084 0.725825
2110.571 0.715472
2111.058 0.700175
2111.543 0.705682
2112.029 0.725869
2112.516 0.70143
2113.002 0.699677
2113.488 0.708447
2113.976 0.712686
2114.463 0.696264
2114.949 0.723339
2115.436 0.734351
2115.924 0.694325
2116.410 0.692734
2116.897 0.711618
2117.385 0.69445
2117.874 0.666323
2118.361 0.681924
2118.848 0.69062
2119.337 0.722788
2119.824 0.71448
2120.312 0.692464
2120.801 0.698907
2121.290 0.704863
2121.778 0.70306
2122.266 0.680738
2122.756 0.710309
2123.244 0.681659
2123.732 0.709641
2124.222 0.709443
2124.712 0.6818
2125.201 0.671054
2125.690 0.692693
2126.180 0.707499
2126.669 0.669522
2127.158 0.676418
2127.649 0.678618
2128.139 0.66516
2128.629 0.685477
2129.119 0.692933
2129.610 0.711704
2130.100 0.690432
2130.590 0.679662
2131.081 0.693912
2131.572 0.705506
2132.063 0.687538
2132.553 0.692645
2133.045 0.66927
2133.536 0.673208
2134.026 0.689923
2134.519 0.705628
2135.011 0.698856
2135.502 0.689387
2135.993 0.692646
2136.486 0.692409
2136.977 0.68771
2137.470 0.661874
2137.962 0.685378
2138.455 0.697174
2138.947 0.649172
2139.439 0.680804
2139.932 0.675965
2140.424 0.671071
2140.918 0.684706
2141.410 0.697271
2141.904 0.677987
2142.397 0.677399
2142.890 0.675243
2143.384 0.707012
2143.877 0.679593
2144.372 0.676509
2144.865 0.655546
2145.359 0.672684
2145.853 0.672021
2146.347 0.67086
2146.842 0.649779
2147.335 0.662285
2147.831 0.713061
2148.325 0.702662
2148.820 0.670247
2149.314 0.665344
2149.809 0.679326
2150.305 0.712241
2150.799 0.671714
2151.295 0.670309
2151.790 0.679693
2152.286 0.680647
2152.781 0.668716
2153.277 0.672156
2153.773 0.696781
2154.269 0.691358
2154.765 0.692112
2155.261 0.6795
2155.758 0.672411
2156.254 0.659892
2156.750 0.677492
2157.248 0.689423
2157.744 0.697993
2158.241 0.705043
2158.738 0.684541
2159.236 0.680894
2159.732 0.69349
2160.229 0.682045
2160.727 0.655469
2161.224 0.681722
2161.723 0.677994
2162.220 0.677886
2162.719 0.724033
2163.216 0.687503
2163.714 0.705084
2164.213 0.688051
2164.711 0.698141
2165.210 0.658024
2165.708 0.691836
2166.208 0.685739
2166.706 0.684157
2167.204 0.660079
2167.704 0.699296
2168.203 0.673408
2168.703 0.665656
2169.201 0.689703
2169.702 0.668633
2170.201 0.700049
2170.700 0.680576
2171.201 0.678906
2171.700 0.692249
2172.201 0.652588
2172.701 0.682159
2173.202 0.708979
2173.702 0.685068
2174.202 0.660501
2174.703 0.687745
2175.203 0.679142
2175.705 0.688109
2176.205 0.666572
2176.707 0.673976
2177.208 0.687594
2177.709 0.675269
2178.211 0.679498
2178.712 0.665556
2179.215 0.641962
2179.716 0.670517
2180.219 0.666536
2180.720 0.698438
2181.222 0.674539
2181.725 0.673428
2182.227 0.663259
2182.730 0.68123
2183.232 0.71408
2183.735 0.683748
2184.238 0.648453
2184.740 0.680181
2185.244 0.686546
2185.748 0.678941
2186.251 0.658603
2186.754 0.717789
2187.258 0.667442
2187.761 0.680858
2188.264 0.696494
2188.769 0.654072
2189.274 0.708407
2189.777 0.691473
2190.281 0.666411
2190.786 0.646834
2191.290 0.668207
2191.794 0.667242
2192.300 0.669181
2192.805 0.68331
2193.310 0.657457
2193.814 0.69636
2194.320 0.635894
2194.825 0.654073
2195.330 0.676127
2195.836 0.661692
2196.343 0.67157
2196.848 0.692428
2197.353 0.703928
2197.860 0.634091
2198.365 0.641685
2198.871 0.656831
2199.378 0.636699
2199.885 0.650387
