750.0667 0.0311517
750.2397 0.020235
750.4123 0.00715792
750.5853 0.0187825
750.7580 0.0163371
750.9307 0.0568073
751.1039 0.025063
751.2766 0.0179334
751.4499 -0.00940202
751.6228 0.0010331
751.7961 0.0227463
751.9691 -0.0073879
752.1420 -0.0390535
752.3155 0.00507968
752.4885 0.033694
752.6620 0.0106873
752.8352 -0.00227495
753.0088 0.00734374
753.1820 0.0297715
753.3553 0.0204557
753.5291 0.0291833
753.7024 0.0398866
753.8762 0.0147778
754.0496 0.00610228
754.2235 0.0396978
754.3970 0.0229572
754.5706 0.0217534
754.7445 -0.00798461
754.9182 0.00671205
755.0923 0.000271019
755.2660 0.0177387
755.4401 -0.00386658
755.6139 0.0125229
755.7877 0.0135648
755.9620 -0.00573248
756.1359 0.00862086
756.3103 0.0311738
756.4843 0.0372228
756.6588 0.0181914
756.8328 0.0284595
757.0070 0.0466912
757.1815 0.0194199
757.3557 0.0108429
757.5303 0.0244683
757.7046 0.0116955
757.8793 0.0364931
758.0536 0.0183952
758.2280 -0.00654742
758.4029 0.0198807
758.5774 0.00529412
758.7523 0.00527322
758.9269 0.0392861
759.1018 0.0121172
759.2765 0.00708743
759.4512 -0.00184535
759.6263 0.025189
759.8010 0.01067
759.9763 -0.00176467
760.1511 0.0247495
760.3264 0.0109191
760.5013 -0.0191996
760.6762 0.00287106
760.8516 -0.00283254
761.0267 -0.000702915
761.2021 0.000811656
761.3773 0.00826113
761.5529 0.0263244
761.7280 0.0448778
761.9033 0.0218777
762.0790 0.00854789
762.2543 -0.00192832
762.4301 -0.00821312
762.6055 0.000925692
762.7813 0.018014
762.9568 0.0204465
763.1323 -0.00909748
763.3082 0.0195251
763.4839 0.019358
763.6599 0.00558481
763.8356 0.0524299
764.0117 0.0203685
764.1875 0.0045138
764.3633 0.00662705
764.5396 -0.015904
764.7155 0.00847462
764.8918 0.0398542
765.0677 0.00667585
765.2441 0.00446093
765.4202 0.00114317
765.5967 -0.0168148
765.7728 0.0284015
765.9490 0.0150108
766.1256 0.0158871
766.3019 -0.0070293
766.4786 0.0220942
766.6549 0.0153087
766.8317 0.0381149
767.0081 0.0355066
767.1846 0.000662564
767.3615 0.00584166
767.5380 0.0345481
767.7150 0.0267771
767.8916 0.0204443
768.0687 0.00637075
768.2454 0.0408951
768.4221 0.0337042
768.5993 0.0314812
768.7761 0.0154201
768.9534 0.0238925
769.1302 0.0231627
769.3077 0.0108439
769.4846 0.0221475
769.6616 0.0224929
769.8391 0.0126159
770.0162 0.021946
770.1938 0.0368033
770.3710 -0.00196942
770.5486 -0.00030315
770.7259 0.0429281
770.9032 0.0145575
771.0809 0.0224472
771.2583 0.0119207
771.4362 0.0259741
771.6136 0.0575772
771.7916 -0.000136869
771.9692 0.0256045
772.1467 0.0195012
772.3248 -0.0135039
772.5024 -0.00319859
772.6806 0.00296004
772.8583 0.0542452
773.0366 0.0227453
773.2144 0.0158255
773.3923 0.0243366
773.5707 0.0131751
773.7486 0.0171467
773.9270 0.0299572
774.1051 0.0274545
774.2836 0.0342231
774.4617 0.0165505
774.6399 0.0239611
774.8185 0.013313
774.9967 0.0353001
775.1754 0.0150201
775.3538 -0.00345953
775.5326 0.0250603
775.7110 0.00148469
775.8898 0.0181355
776.0684 0.022337
776.2469 0.0317353
776.4259 0.031015
776.6045 0.00530836
776.7836 0.0312484
776.9623 0.021036
777.1414 0.0254046
777.3202 0.0100558
777.4990 0.0188085
777.6783 0.0209431
777.8572 0.0269161
778.0366 0.020733
778.2156 -0.00937512
778.3950 0.00325305
778.5741 -0.0046233
778.7532 0.0364634
778.9328 0.0210782
779.1120 -0.00933064
779.2917 0.014245
779.4709 0.0186321
779.6507 -0.0152951
779.8301 0.0329297
780.0094 0.0273786
780.1893 0.033534
780.3688 0.00226797
780.5487 0.0224252
780.7283 0.0314735
780.9083 0.00924896
781.0880 0.0144068
781.2677 0.0146761
781.4479 0.0212654
781.6276 0.0180053
781.8079 0.0219399
781.9877 0.0171576
782.1680 0.0233678
782.3480 0.0392617
782.5280 0.0130581
782.7084 0.0434968
782.8884 0.0270693
783.0690 0.00216621
783.2491 0.0055053
783.4297 0.0260909
783.6100 0.0307424
783.7902 0.0393866
783.9710 0.0295737
784.1514 0.0282646
784.3322 0.0239031
784.5126 0.0175078
784.6935 0.0180336
784.8740 0.0273896
785.0546 0.0193722
785.2356 0.0297609
785.4163 0.0233391
785.5974 0.0232169
785.7781 0.00300643
785.9593 0.029595
786.1401 0.0292005
786.3209 0.0270538
786.5023 0.0172135
786.6832 0.021234
786.8646 0.0253643
787.0457 0.0135632
787.2271 0.0154854
787.4082 0.00616353
787.5894 0.0376884
787.7710 0.0441596
787.9522 0.014271
788.1339 0.0246809
788.3152 0.0088336
788.4970 0.0121389
788.6783 0.0500328
788.8599 0.012596
789.0417 0.0126967
789.2233 0.011164
789.4053 0.0220067
789.5869 0.016069
789.7689 0.0243852
789.9506 0.027214
790.1323 0.0107461
790.3145 0.0156171
790.4963 0.0345319
790.6786 0.0249375
790.8605 0.0168662
791.0429 0.0201706
791.2249 0.0369002
791.4069 0.0431189
791.5894 0.0225292
791.7715 0.0188397
791.9541 0.0394711
792.1363 0.021473
792.3189 0.0163813
792.5012 0.0265514
792.6840 0.00293507
792.8663 0.0236442
793.0487 0.0369654
793.2316 0.0351969
793.4141 0.0489799
793.5970 0.0394591
793.7796 0.00705514
793.9626 0.0198541
794.1453 0.0170521
794.3280 0.0310941
794.5111 0.0118426
794.6940 0.0202709
794.8772 0.0258922
795.0601 0.0523346
795.2433 0.0433801
795.4263 0.048954
795.6093 0.0275733
795.7928 0.0185151
795.9758 0.0150197
796.1594 0.0249696
796.3425 0.0222251
796.5262 0.0342058
796.7094 0.0369765
796.8927 0.0346408
797.0765 0.0200752
797.2598 0.0246577
797.4437 0.0223453
797.6271 0.0318279
797.8110 0.031534
797.9946 0.0336091
798.1782 0.0212309
798.3622 0.0299029
798.5459 0.0464062
798.7300 0.0563914
798.9138 0.0342971
799.0980 0.0124447
799.2819 0.0494569
799.4657 0.0396426
799.6501 0.0345607
799.8340 0.0196305
800.0184 0.0127341
800.2025 0.012354
800.3870 0.0282358
800.5712 0.0337379
800.7554 0.0216399
800.9400 0.0347558
801.1243 0.0413112
801.3090 0.0201665
801.4933 0.0140302
801.6782 0.0387117
801.8625 0.0362467
802.0470 0.0428674
802.2320 0.0251812
802.4165 0.0160897
802.6016 0.0360253
802.7862 0.0267236
802.9713 0.0395267
803.1561 0.0124657
803.3408 0.0155995
803.5261 0.02876
803.7109 0.0445668
803.8962 0.0348194
804.0812 0.0132359
804.2666 0.0350105
804.4517 0.0257378
804.6371 0.0340123
804.8223 0.0429435
805.0074 0.0280809
805.1930 0.0270412
805.3782 0.0295128
805.5640 0.0417682
805.7493 0.0465668
805.9351 0.0265649
806.1205 0.0253138
806.3060 0.0404874
806.4919 0.0384655
806.6774 0.0169963
806.8634 0.0309988
807.0491 0.0274727
807.2351 0.0281727
807.4208 0.0329099
807.6066 0.0234276
807.7928 0.0429746
807.9786 0.0248294
808.1650 0.027455
808.3509 0.0331749
808.5373 0.0286878
808.7233 0.0225613
808.9094 0.037346
809.0959 0.0204258
809.2820 0.0194834
809.4686 0.0255579
809.6548 0.0211518
809.8416 0.0246027
810.0278 0.0509561
810.2142 0.0410963
810.4010 0.0181973
810.5875 0.0359469
810.7744 0.04507
810.9609 0.035491
811.1479 0.0164119
811.3345 0.0386896
811.5212 0.0238702
811.7083 0.0375379
811.8950 0.0456773
812.0823 0.0322354
812.2690 0.032428
812.4564 0.0368324
812.6433 0.0540877
812.8302 0.0302306
813.0176 0.0262081
813.2047 0.0327624
813.3922 0.0203803
813.5793 0.0509234
813.7670 0.0425311
813.9542 0.0302594
814.1414 0.0448024
814.3292 0.040551
814.5165 0.0243621
814.7043 0.0228039
814.8917 0.0202095
815.0797 0.0311538
815.2672 0.0441441
815.4547 0.0298792
815.6428 0.0383426
815.8304 0.0325859
816.0185 0.0419443
816.2062 0.0296224
816.3945 0.0440499
816.5823 0.0440347
816.7701 0.0312297
816.9585 0.0300958
817.1464 0.0352244
817.3348 0.0238997
817.5228 0.0266853
817.7114 0.0340225
817.8995 0.0101362
818.0876 0.0231655
818.2763 0.0339813
818.4645 0.0416388
818.6533 0.0159574
818.8416 0.0349661
819.0304 0.0499462
819.2189 0.0125176
819.4073 0.0127448
819.5963 0.0413562
819.7848 0.0423363
819.9739 0.040824
820.1625 0.0363971
820.3516 0.0270565
820.5403 0.0271502
820.7291 0.0406607
820.9183 0.0258541
821.1072 0.0418237
821.2965 0.0251313
821.4855 0.029542
821.6749 0.0335714
821.8640 0.0297885
822.0535 0.0486851
822.2426 0.0304249
822.4318 0.0289854
822.6214 0.0220456
822.8106 0.0253887
823.0004 0.0261891
823.1897 0.0427752
823.3795 0.0475768
823.5690 0.0256704
823.7584 0.0240508
823.9484 0.0112089
824.1379 0.0373441
824.3279 0.0471669
824.5176 0.0291423
824.7077 0.0320725
824.8975 0.0421091
825.0872 0.0294081
825.2775 0.0350491
825.4673 0.0438519
825.6577 0.0381643
825.8477 0.0342036
826.0381 0.0546161
826.2281 0.0436326
826.4182 0.0300168
826.6088 0.0385897
826.7989 0.0300755
826.9896 0.0411606
827.1798 0.0257891
827.3705 0.0378284
827.5609 0.0467814
827.7513 0.0274566
827.9421 0.0292434
828.1326 0.0352002
828.3236 0.0432585
828.5141 0.0221415
828.7052 0.0393795
828.8958 0.0451175
829.0865 0.0434078
829.2777 0.0544648
829.4685 0.0453988
829.6597 0.0384917
829.8506 0.0435618
830.0420 0.0389503
830.2329 0.0353937
830.4239 0.0575243
830.6154 0.0401531
830.8065 0.0404823
830.9980 0.0594722
831.1892 0.054119
831.3809 0.0453935
831.5721 0.0394764
831.7634 0.0316503
831.9553 0.046928
832.1467 0.0535437
832.3386 0.0478636
832.5300 0.0409509
832.7220 0.0224825
832.9136 0.0351636
833.1052 0.0493548
833.2973 0.0359118
833.4890 0.0585815
833.6812 0.0495988
833.8730 0.0465146
834.0653 0.0381969
834.2571 0.0399814
834.4495 0.0621967
834.6415 0.0434994
834.8335 0.0439504
835.0260 0.0460211
835.2181 0.0508897
835.4107 0.0468841
835.6029 0.0519777
835.7956 0.0377063
835.9879 0.0400407
836.1802 0.0480198
836.3730 0.0263784
836.5654 0.0301367
836.7583 0.0443937
836.9508 0.0541584
837.1438 0.0447046
837.3364 0.031422
837.5290 0.0550906
837.7222 0.0560945
837.9149 0.0486513
838.1081 0.0409713
838.3009 0.037925
838.4942 0.0418823
838.6871 0.0409588
838.8800 0.0408673
839.0735 0.0542633
839.2665 0.06388
839.4600 0.0386549
839.6531 0.0416029
839.8468 0.0464443
840.0400 0.0564984
840.2332 0.052713
840.4270 0.0579362
840.6204 0.0355586
840.8142 0.0346414
841.0076 0.0549296
841.2015 0.0466129
841.3950 0.0329324
841.5886 0.0291456
841.7827 0.038214
841.9763 0.0409937
842.1705 0.0508771
842.3643 0.0546224
842.5585 0.0406015
842.7523 0.0392951
842.9462 0.0350812
843.1406 0.0502143
843.3345 0.0493223
843.5290 0.0533136
843.7230 0.0410949
843.9176 0.0465567
844.1118 0.0389469
844.3059 0.0531259
844.5006 0.0438702
844.6949 0.0432389
844.8897 0.0399243
845.0840 0.0323538
845.2789 0.0432055
845.4734 0.0427427
845.6679 0.0607188
845.8629 0.0588411
846.0575 0.0540162
846.2526 0.0481392
846.4473 0.0577182
846.6425 0.0761325
846.8372 0.0498987
847.0320 0.0462682
847.2274 0.0405705
847.4222 0.0470872
847.6177 0.0645519
847.8127 0.0502438
848.0082 0.0491898
848.2032 0.058918
848.3984 0.0582242
848.5940 0.0549872
848.7892 0.0592952
848.9850 0.0402515
849.1803 0.0584988
849.3761 0.0649173
849.5715 0.0555568
849.7670 0.0500891
849.9629 0.0501681
850.1584 0.0537578
850.3545 0.0547628
850.5501 0.0515011
850.7462 0.056733
850.9420 0.0572733
851.1377 0.0512333
851.3340 0.051091
851.5298 0.0578678
851.7262 0.0564331
851.9221 0.0611721
852.1185 0.0553146
852.3146 0.0403415
852.5107 0.0526006
852.7073 0.0599947
852.9034 0.0549835
853.1001 0.0472842
853.2964 0.0520557
853.4932 0.0480879
853.6895 0.0487827
853.8864 0.0632176
854.0828 0.054829
854.2792 0.0455224
854.4763 0.0715894
854.6728 0.0657512
854.8699 0.0395768
855.0665 0.0574863
855.2637 0.0478986
855.4605 0.0455567
855.6573 0.0557776
855.8546 0.0482884
856.0515 0.057955
856.2489 0.061322
856.4459 0.0596102
856.6434 0.0644535
856.8405 0.0561116
857.0375 0.0455292
857.2352 0.0549239
857.4324 0.0549504
857.6301 0.0564529
857.8274 0.0555157
858.0252 0.0604738
858.2226 0.0607382
858.4200 0.0615315
858.6180 0.0640963
858.8155 0.0515561
859.0135 0.0597738
859.2112 0.0705201
859.4093 0.0628027
859.6070 0.060843
859.8047 0.0715668
860.0031 0.0708555
860.2009 0.0755646
860.3992 0.0740345
860.5972 0.075255
860.7956 0.0742325
860.9937 0.0607254
861.1917 0.0605635
861.3903 0.0587589
861.5884 0.0719398
861.7871 0.0654342
861.9854 0.066057
862.1842 0.0560446
862.3825 0.0641304
862.5814 0.0688642
862.7798 0.0761419
862.9783 0.0616357
863.1773 0.0723656
863.3759 0.0810167
863.5750 0.0700157
863.7736 0.0606663
863.9728 0.0722847
864.1716 0.0824057
864.3704 0.0704152
864.5697 0.0743842
864.7686 0.0599646
864.9680 0.0632853
865.1670 0.073453
865.3665 0.0618952
865.5656 0.0693437
865.7646 0.0691473
865.9644 0.0623611
866.1636 0.0699653
866.3633 0.0630066
866.5626 0.0550896
866.7624 0.0688235
866.9618 0.0809991
867.1613 0.0793662
867.3612 0.067107
867.5607 0.0759801
867.7608 0.0755642
867.9604 0.0742019
868.1606 0.0615573
868.3603 0.0602927
868.5601 0.0616616
868.7604 0.0670433
868.9602 0.0683809
869.1606 0.0761521
869.3605 0.0718237
869.5610 0.0746187
869.7610 0.0689567
869.9611 0.0661942
870.1617 0.0692122
870.3619 0.0846696
870.5626 0.0683897
870.7629 0.0852517
870.9637 0.0684422
871.1641 0.0694577
871.3645 0.088143
871.5654 0.0784764
871.7659 0.0959925
871.9669 0.0794971
872.1675 0.0725408
872.3687 0.0818952
872.5693 0.072479
872.7701 0.0918267
872.9713 0.0746703
873.1722 0.0901726
873.3735 0.0822272
873.5745 0.0905483
873.7759 0.0834338
873.9769 0.0804904
874.1780 0.0797094
874.3795 0.0995642
874.5807 0.0966891
874.7823 0.0797999
874.9836 0.0708352
875.1854 0.0936269
875.3867 0.0927893
875.5881 0.0918004
875.7900 0.104519
875.9915 0.0946849
876.1935 0.0909832
876.3950 0.0966387
876.5972 0.101866
876.7988 0.095888
877.0005 0.0890809
877.2028 0.0944822
877.4045 0.107382
877.6069 0.0828125
877.8087 0.106484
878.0112 0.104586
878.2131 0.103845
878.4152 0.0831482
878.6177 0.0882604
878.8199 0.0910538
879.0225 0.0957564
879.2247 0.0734453
879.4275 0.0894142
879.6298 0.0960501
879.8322 0.0864535
880.0350 0.103693
880.2375 0.0937705
880.4405 0.0971632
880.6430 0.101738
880.8461 0.0953556
881.0487 0.0993081
881.2514 0.101565
881.4547 0.112693
881.6574 0.109972
881.8607 0.102409
882.0636 0.103907
882.2670 0.109245
882.4700 0.107485
882.6730 0.103245
882.8765 0.10926
883.0796 0.114291
883.2833 0.122331
883.4865 0.110031
883.6902 0.107388
883.8934 0.12745
884.0968 0.125361
884.3007 0.113448
884.5041 0.110718
884.7081 0.112402
884.9116 0.0987792
885.1157 0.105518
885.3193 0.118779
885.5234 0.108524
885.7272 0.11265
885.9309 0.108856
886.1352 0.105913
886.3391 0.107408
886.5435 0.120061
886.7474 0.0899649
886.9519 0.0983788
887.1559 0.111859
887.3600 0.119784
887.5646 0.122699
887.7688 0.130297
887.9735 0.12954
888.1778 0.118828
888.3826 0.139659
888.5870 0.128122
888.7914 0.133007
888.9963 0.112612
889.2009 0.122912
889.4059 0.109812
889.6105 0.114826
889.8157 0.129145
890.0204 0.132711
890.2251 0.138478
890.4304 0.117399
890.6353 0.121561
890.8406 0.120997
891.0455 0.122522
891.2510 0.133854
891.4561 0.129659
891.6611 0.118431
891.8668 0.12157
892.0719 0.135263
892.2776 0.157422
892.4829 0.146209
892.6887 0.137519
892.8940 0.140962
893.0995 0.149208
893.3054 0.125311
893.5109 0.13893
893.7170 0.150484
893.9226 0.143295
894.1287 0.146012
894.3344 0.136146
894.5406 0.140927
894.7465 0.134178
894.9523 0.14898
895.1586 0.155751
895.3646 0.151147
895.5710 0.164069
895.7771 0.172017
895.9836 0.156152
896.1898 0.157227
896.3959 0.156159
896.6026 0.173987
896.8089 0.162157
897.0157 0.150098
897.2220 0.15602
897.4290 0.165488
897.6354 0.167855
897.8419 0.182371
898.0490 0.160031
898.2555 0.148864
898.4626 0.166089
898.6693 0.158765
898.8766 0.16165
899.0834 0.163167
899.2902 0.173454
899.4976 0.172911
899.7045 0.170254
899.9120 0.174028
900.1190 0.179984
900.3265 0.17625
900.5337 0.157966
900.7408 0.17052
900.9485 0.183951
901.1558 0.179201
901.3636 0.190244
901.5710 0.180833
901.7789 0.164887
901.9863 0.184339
902.1938 0.162004
902.4019 0.184228
902.6095 0.186427
902.8176 0.171861
903.0253 0.190104
903.2335 0.192582
903.4413 0.182766
903.6492 0.192295
903.8575 0.197808
904.0655 0.186202
904.2739 0.178829
904.4820 0.201459
904.6906 0.201044
904.8987 0.193551
905.1068 0.19918
905.3156 0.184196
905.5238 0.201106
905.7327 0.198218
905.9410 0.18918
906.1499 0.197661
906.3584 0.209676
906.5669 0.202235
906.7759 0.208946
906.9845 0.197374
907.1937 0.188869
907.4023 0.193907
907.6116 0.205362
907.8204 0.216238
908.0292 0.207502
908.2386 0.216822
908.4476 0.206822
908.6571 0.204765
908.8661 0.200257
909.0757 0.205941
909.2848 0.216206
909.4940 0.218968
909.7037 0.229279
909.9130 0.217853
910.1228 0.214236
910.3322 0.226483
910.5421 0.220931
910.7516 0.243485
910.9611 0.237487
911.1711 0.237461
911.3808 0.245631
911.5909 0.239718
911.8007 0.239229
912.0109 0.241643
912.2207 0.233015
912.4306 0.237188
912.6410 0.241117
912.8510 0.239814
913.0614 0.256947
913.2715 0.237059
913.4821 0.234589
913.6923 0.234026
913.9024 0.240846
914.1132 0.238269
914.3235 0.22874
914.5343 0.247541
914.7447 0.265963
914.9556 0.271363
915.1661 0.24113
915.3766 0.248164
915.5877 0.266682
915.7983 0.264325
916.0095 0.27339
916.2203 0.263113
916.4315 0.260225
916.6424 0.258091
916.8533 0.25643
917.0646 0.265261
917.2756 0.266748
917.4872 0.286183
917.6982 0.27355
917.9099 0.284686
918.1210 0.295851
918.3327 0.272233
918.5440 0.266242
918.7553 0.249206
918.9672 0.284338
919.1786 0.287781
919.3905 0.286589
919.6021 0.280442
919.8141 0.272812
920.0257 0.272092
920.2374 0.279314
920.4495 0.301605
920.6613 0.28488
920.8736 0.284828
921.0854 0.286357
921.2979 0.271671
921.5098 0.289724
921.7218 0.284308
921.9343 0.277803
922.1464 0.287636
922.3591 0.29362
922.5712 0.278847
922.7840 0.272824
922.9963 0.292162
923.2086 0.311807
923.4215 0.297332
923.6339 0.307416
923.8469 0.291373
924.0594 0.297017
924.2725 0.292873
924.4852 0.301388
924.6978 0.286033
924.9111 0.300869
925.1238 0.327661
925.3372 0.301469
925.5500 0.317982
925.7635 0.295105
925.9764 0.311848
926.1895 0.333422
926.4031 0.320801
926.6161 0.311494
926.8298 0.31188
927.0430 0.314439
927.2568 0.328936
927.4702 0.32699
927.6840 0.340066
927.8975 0.340032
928.1109 0.307113
928.3249 0.318888
928.5385 0.327355
928.7526 0.333464
928.9662 0.327765
929.1805 0.341505
929.3942 0.325226
929.6080 0.335183
929.8224 0.340841
930.0363 0.337938
930.2507 0.346312
930.4648 0.341537
930.6793 0.343041
930.8934 0.34549
931.1076 0.318995
931.3223 0.348559
931.5366 0.349832
931.7513 0.332962
931.9657 0.320862
932.1806 0.366601
932.3951 0.346019
932.6096 0.340342
932.8246 0.348803
933.0392 0.324055
933.2544 0.335623
933.4691 0.339925
933.6843 0.32776
933.8991 0.362067
934.1140 0.33652
934.3293 0.322881
934.5443 0.337476
934.7598 0.337268
934.9749 0.3385
935.1904 0.341041
935.4056 0.346087
935.6208 0.326871
935.8365 0.342655
936.0518 0.336521
936.2676 0.352471
936.4830 0.356302
936.6990 0.358787
936.9145 0.366804
937.1300 0.36481
937.3461 0.341974
937.5618 0.359074
937.7780 0.373836
937.9937 0.380594
938.2100 0.352128
938.4258 0.342203
938.6417 0.363519
938.8582 0.374107
939.0742 0.358447
939.2907 0.377686
939.5068 0.363549
939.7234 0.355219
939.9396 0.363228
940.1558 0.36468
940.3726 0.367009
940.5890 0.370989
940.8058 0.379246
941.0223 0.371895
941.2393 0.363764
941.4558 0.37105
941.6724 0.373635
941.8895 0.359971
942.1062 0.343561
942.3235 0.360009
942.5403 0.389757
942.7576 0.384333
942.9745 0.374235
943.1914 0.397184
943.4089 0.38584
943.6259 0.383358
943.8435 0.380855
944.0607 0.390554
944.2784 0.387791
944.4956 0.388899
944.7129 0.41967
944.9307 0.395625
945.1481 0.383633
945.3661 0.385235
945.5836 0.387872
945.8016 0.366904
946.0192 0.38922
946.2368 0.403863
946.4550 0.381412
946.6727 0.392897
946.8911 0.382111
947.1089 0.373487
947.3273 0.380875
947.5452 0.385661
947.7632 0.37969
947.9817 0.386345
948.1998 0.385951
948.4185 0.378707
948.6367 0.390198
948.8554 0.378209
949.0737 0.376922
949.2920 0.361069
949.5109 0.393322
949.7294 0.391114
949.9484 0.375039
950.1669 0.385482
950.3860 0.376272
950.6046 0.372791
950.8233 0.370589
951.0426 0.382603
951.2614 0.380178
951.4807 0.402719
951.6996 0.409821
951.9191 0.393784
952.1381 0.399544
952.3576 0.384032
952.5767 0.399078
952.7958 0.388936
953.0156 0.388222
953.2348 0.387895
953.4546 0.40047
953.6740 0.393475
953.8939 0.387818
954.1133 0.39458
954.3328 0.382446
954.5529 0.392547
954.7725 0.39065
954.9926 0.393151
955.2123 0.386037
955.4326 0.368272
955.6524 0.381071
955.8723 0.38281
956.0927 0.377797
956.3126 0.359876
956.5331 0.378902
956.7532 0.369588
956.9738 0.370363
957.1940 0.38212
957.4142 0.375742
957.6349 0.362156
957.8552 0.374693
958.0761 0.375571
958.2965 0.39384
958.5175 0.399972
958.7380 0.395947
958.9586 0.393848
959.1797 0.400998
959.4003 0.407612
959.6216 0.38239
959.8423 0.380702
960.0637 0.373208
960.2845 0.379428
960.5055 0.387994
960.7269 0.398118
960.9479 0.403546
961.1696 0.376418
961.3907 0.380376
961.6124 0.39987
961.8336 0.391776
962.0554 0.373065
962.2767 0.381397
962.4980 0.393096
962.7200 0.388638
962.9415 0.37966
963.1636 0.395407
963.3851 0.389068
963.6073 0.385663
963.8290 0.397934
964.0507 0.410074
964.2730 0.391204
964.4948 0.387628
964.7172 0.400986
964.9391 0.408787
965.1617 0.412534
965.3837 0.395102
965.6058 0.381321
965.8284 0.406009
966.0507 0.408989
966.2734 0.419867
966.4957 0.401247
966.7186 0.42903
966.9410 0.443309
967.1634 0.435357
967.3864 0.421455
967.6090 0.438081
967.8321 0.408997
968.0547 0.424746
968.2780 0.440289
968.5007 0.447826
968.7236 0.445305
968.9469 0.413722
969.1699 0.40407
969.3933 0.431842
969.6163 0.446065
969.8399 0.461049
970.0630 0.446693
970.2862 0.4406
970.5099 0.434743
970.7332 0.436351
970.9570 0.453839
971.1804 0.470682
971.4044 0.471989
971.6279 0.473342
971.8514 0.454071
972.0755 0.474446
972.2991 0.467218
972.5233 0.465813
972.7470 0.477107
972.9714 0.473441
973.1952 0.480324
973.4191 0.465846
973.6436 0.49788
973.8675 0.487413
974.0921 0.478823
974.3162 0.506412
974.5408 0.468274
974.7650 0.481326
974.9893 0.474336
975.2141 0.50266
975.4385 0.491976
975.6634 0.475015
975.8878 0.489144
976.1129 0.484707
976.3375 0.488647
976.5621 0.498542
976.7872 0.476024
977.0120 0.481148
977.2372 0.489285
977.4620 0.501658
977.6874 0.501888
977.9124 0.499365
978.1373 0.481928
978.3629 0.482653
978.5880 0.500593
978.8136 0.502396
979.0388 0.497858
979.2646 0.487511
979.4899 0.492618
979.7151 0.496917
979.9411 0.485096
980.1665 0.483622
980.3926 0.493635
980.6181 0.48522
980.8442 0.489017
981.0699 0.484935
981.2955 0.48873
981.5219 0.474735
981.7476 0.503839
981.9740 0.494291
982.2000 0.473301
982.4264 0.486111
982.6524 0.476915
982.8785 0.483109
983.1051 0.49582
983.3313 0.496461
983.5580 0.508342
983.7843 0.507703
984.0112 0.487785
984.2375 0.493404
984.4640 0.497856
984.6910 0.50491
984.9175 0.515102
985.1447 0.507028
985.3713 0.482002
985.5985 0.500767
985.8252 0.504259
986.0520 0.529017
986.2794 0.532873
986.5063 0.51329
986.7338 0.496417
986.9608 0.526721
987.1884 0.524464
987.4155 0.529551
987.6431 0.535355
987.8704 0.515289
988.0976 0.498472
988.3254 0.494825
988.5529 0.515054
988.7808 0.53091
989.0082 0.511902
989.2363 0.50554
989.4639 0.510456
989.6915 0.517608
989.9197 0.512639
990.1475 0.505719
990.3758 0.507059
990.6036 0.536698
990.8320 0.511304
991.0600 0.478398
991.2880 0.49974
991.5166 0.497336
991.7447 0.488669
991.9734 0.496046
992.2016 0.495821
992.4304 0.500592
992.6587 0.480689
992.8870 0.49322
993.1160 0.495592
993.3445 0.488395
993.5735 0.504503
993.8021 0.498922
994.0313 0.460297
994.2599 0.458739
994.4886 0.490703
994.7180 0.484153
994.9468 0.475321
995.1763 0.488949
995.4052 0.49629
995.6348 0.488999
995.8638 0.469319
996.0929 0.466159
996.3226 0.465606
996.5518 0.471027
996.7816 0.43982
997.0109 0.456653
997.2408 0.467901
997.4702 0.457547
997.7003 0.445946
997.9297 0.475165
998.1593 0.478516
998.3895 0.478761
998.6192 0.458141
998.8494 0.450676
999.0792 0.444727
999.3096 0.467874
999.5395 0.466001
999.7695 0.465965
1000.000 0.469191
1000.230 0.473855
1000.461 0.458374
1000.691 0.465965
1000.922 0.473891
1001.152 0.458723
1001.382 0.455573
1001.613 0.451179
1001.844 0.433281
1002.075 0.445885
1002.305 0.441535
1002.536 0.449682
1002.767 0.461041
1002.997 0.457771
1003.229 0.450878
1003.460 0.439019
1003.691 0.446358
1003.922 0.467303
1004.153 0.46009
1004.384 0.475114
1004.615 0.466387
1004.847 0.459348
1005.078 0.471871
1005.310 0.476852
1005.541 0.462174
1005.773 0.448111
1006.005 0.469212
1006.236 0.474878
1006.468 0.454409
1006.700 0.47007
1006.932 0.459351
1007.163 0.470937
1007.396 0.490888
1007.627 0.485295
1007.859 0.478861
1008.092 0.471988
1008.323 0.456884
1008.556 0.478434
1008.788 0.477083
1009.021 0.48286
1009.253 0.475192
1009.485 0.474142
1009.718 0.46931
1009.950 0.477756
1010.183 0.494816
1010.415 0.48794
1010.648 0.488121
1010.881 0.449531
1011.113 0.459375
1011.346 0.478888
1011.579 0.490326
1011.812 0.482013
1012.045 0.485496
1012.279 0.482919
1012.511 0.490938
1012.744 0.474259
1012.978 0.495731
1013.211 0.484401
1013.445 0.482454
1013.678 0.480064
1013.911 0.482156
1014.145 0.48525
1014.378 0.504151
1014.612 0.498964
1014.845 0.523286
1015.079 0.51434
1015.313 0.515988
1015.547 0.507103
1015.781 0.49951
1016.014 0.506164
1016.249 0.52365
1016.482 0.553609
1016.717 0.542004
1016.951 0.521275
1017.185 0.548468
1017.419 0.533731
1017.653 0.550773
1017.888 0.570017
1018.122 0.554578
1018.357 0.553647
1018.591 0.540611
1018.826 0.560678
1019.060 0.572845
1019.295 0.580581
1019.530 0.553937
1019.764 0.551344
1020.000 0.554097
1020.234 0.572115
1020.469 0.587321
1020.704 0.599669
1020.939 0.567383
1021.174 0.581104
1021.409 0.607486
1021.645 0.612598
1021.880 0.640586
1022.116 0.635329
1022.351 0.627185
1022.586 0.639455
1022.822 0.659743
1023.057 0.657718
1023.293 0.663701
1023.528 0.650562
1023.764 0.669626
1024.000 0.679289
1024.236 0.68312
1024.472 0.673983
1024.707 0.69813
1024.944 0.707758
1025.179 0.701545
1025.416 0.688358
1025.652 0.721872
1025.888 0.750956
1026.124 0.774193
1026.360 0.752038
1026.597 0.752961
1026.833 0.763749
1027.070 0.774426
1027.306 0.751172
1027.543 0.758645
1027.780 0.7938
1028.016 0.800118
1028.253 0.783798
1028.490 0.771151
1028.727 0.785034
1028.963 0.790219
1029.201 0.815667
1029.437 0.803343
1029.674 0.803032
1029.912 0.812425
1030.149 0.794485
1030.386 0.78126
1030.623 0.806981
1030.861 0.767417
1031.098 0.754768
1031.335 0.779979
1031.573 0.830959
1031.810 0.831427
1032.048 0.8101
1032.286 0.842869
1032.524 0.840794
1032.761 0.824492
1032.999 0.846468
1033.237 0.866199
1033.475 0.864644
1033.713 0.88346
1033.951 0.871407
1034.189 0.855858
1034.427 0.862511
1034.666 0.853338
1034.904 0.844145
1035.142 0.834347
1035.380 0.790594
1035.619 0.783247
1035.858 0.798259
1036.096 0.803193
1036.335 0.782118
1036.573 0.764072
1036.812 0.744747
1037.051 0.756575
1037.289 0.734243
1037.528 0.75976
1037.767 0.73866
1038.006 0.729529
1038.245 0.754161
1038.484 0.739227
1038.724 0.732629
1038.963 0.725609
1039.202 0.710306
1039.441 0.694552
1039.681 0.708373
1039.920 0.709091
1040.159 0.719516
1040.399 0.70148
1040.639 0.703044
1040.878 0.658097
1041.118 0.658949
1041.358 0.663747
1041.598 0.651986
1041.837 0.646087
1042.077 0.639471
1042.317 0.629333
1042.557 0.618937
1042.797 0.652326
1043.038 0.649299
1043.278 0.646933
1043.518 0.663378
1043.758 0.647986
1043.999 0.617092
1044.239 0.617583
1044.479 0.667275
1044.720 0.625536
1044.961 0.622184
1045.201 0.649103
1045.442 0.620026
1045.683 0.598144
1045.924 0.613183
1046.164 0.608612
1046.406 0.602309
1046.646 0.636255
1046.887 0.631323
1047.129 0.622812
1047.369 0.621996
1047.611 0.599492
1047.852 0.619777
1048.094 0.603719
1048.335 0.592049
1048.576 0.58698
1048.818 0.615485
1049.059 0.619295
1049.301 0.623913
1049.542 0.635496
1049.784 0.618519
1050.026 0.607779
1050.267 0.590309
1050.510 0.564714
1050.751 0.621606
1050.993 0.615023
1051.235 0.604818
1051.478 0.621328
1051.719 0.629649
1051.961 0.589131
1052.204 0.617682
1052.446 0.622759
1052.689 0.618107
1052.931 0.622878
1053.174 0.600065
1053.416 0.610583
1053.658 0.60926
1053.901 0.620648
1054.144 0.617507
1054.387 0.624739
1054.630 0.622696
1054.873 0.588986
1055.115 0.602484
1055.358 0.576992
1055.601 0.606258
1055.844 0.583014
1056.088 0.589529
1056.331 0.589117
1056.574 0.582797
1056.817 0.609317
1057.060 0.602623
1057.304 0.624017
1057.547 0.628401
1057.791 0.609555
1058.035 0.608907
1058.279 0.593626
1058.522 0.603258
1058.766 0.620733
1059.010 0.61201
1059.253 0.594886
1059.498 0.593683
1059.741 0.615508
1059.986 0.620974
1060.230 0.621103
1060.474 0.606295
1060.718 0.629971
1060.962 0.641718
1061.207 0.651932
1061.451 0.616687
1061.696 0.617657
1061.940 0.616209
1062.185 0.597145
1062.429 0.606524
1062.673 0.612879
1062.919 0.602325
1063.163 0.618828
1063.408 0.615291
1063.653 0.608369
1063.898 0.625535
1064.143 0.615317
1064.388 0.622224
1064.633 0.605846
1064.878 0.592863
1065.124 0.617509
1065.369 0.622372
1065.614 0.601409
1065.859 0.625106
1066.105 0.63195
1066.350 0.623958
1066.596 0.601362
1066.842 0.62523
1067.087 0.645676
1067.333 0.642144
1067.579 0.63655
1067.824 0.619988
1068.071 0.602254
1068.316 0.578226
1068.563 0.635721
1068.808 0.632066
1069.055 0.614782
1069.301 0.633779
1069.547 0.611286
1069.794 0.614823
1070.040 0.645471
1070.286 0.600437
1070.533 0.599454
1070.780 0.62529
1071.026 0.637007
1071.272 0.634838
1071.519 0.619185
1071.766 0.634984
1072.013 0.634502
1072.260 0.614178
1072.507 0.602853
1072.754 0.602609
1073.001 0.610916
1073.248 0.591632
1073.495 0.602721
1073.742 0.612852
1073.989 0.607213
1074.237 0.598955
1074.484 0.584547
1074.732 0.620733
1074.979 0.621987
1075.226 0.614311
1075.474 0.616587
1075.722 0.630195
1075.970 0.594886
1076.217 0.596215
1076.465 0.600085
1076.713 0.609704
1076.961 0.590102
1077.209 0.578514
1077.457 0.574866
1077.705 0.590086
1077.953 0.584557
1078.202 0.585288
1078.450 0.59862
1078.698 0.578114
1078.947 0.589482
1079.195 0.612605
1079.444 0.570225
1079.692 0.571578
1079.941 0.591392
1080.189 0.583858
1080.438 0.581345
1080.687 0.554712
1080.936 0.575003
1081.185 0.557515
1081.434 0.55352
1081.683 0.574305
1081.932 0.592016
1082.181 0.589088
1082.430 0.572922
1082.679 0.56762
1082.929 0.572108
1083.178 0.56744
1083.428 0.571724
1083.677 0.577246
1083.927 0.575874
1084.177 0.576876
1084.426 0.537409
1084.676 0.557125
1084.926 0.549965
1085.176 0.551604
1085.425 0.556025
1085.675 0.547049
1085.925 0.5875
1086.175 0.582264
1086.426 0.567759
1086.676 0.570664
1086.926 0.581481
1087.176 0.584371
1087.426 0.536718
1087.677 0.543879
1087.927 0.542424
1088.178 0.520574
1088.428 0.522819
1088.679 0.517666
1088.930 0.528438
1089.180 0.539506
1089.432 0.532762
1089.682 0.547118
1089.933 0.53376
1090.184 0.545485
1090.436 0.526685
1090.687 0.503616
1090.937 0.51537
1091.189 0.519332
1091.440 0.502368
1091.692 0.513247
1091.943 0.534437
1092.195 0.541172
1092.446 0.51064
1092.697 0.498366
1092.949 0.513517
1093.201 0.494127
1093.453 0.502711
1093.704 0.495768
1093.956 0.503437
1094.208 0.471482
1094.460 0.498973
1094.712 0.502566
1094.964 0.515926
1095.217 0.504202
1095.469 0.501377
1095.721 0.49746
1095.973 0.51027
1096.225 0.495409
1096.478 0.484891
1096.730 0.486045
1096.983 0.498009
1097.236 0.527183
1097.489 0.528096
1097.741 0.523922
1097.994 0.49255
1098.247 0.490434
1098.500 0.510292
1098.753 0.510575
1099.006 0.505796
1099.259 0.506353
1099.512 0.474435
1099.765 0.488898
1100.018 0.503619
1100.271 0.534605
1100.525 0.516173
1100.778 0.522134
1101.032 0.510469
1101.286 0.497313
1101.539 0.5019
1101.793 0.495804
1102.046 0.507082
1102.300 0.493371
1102.554 0.510567
1102.808 0.499891
1103.062 0.501159
1103.316 0.513121
1103.570 0.49338
1103.824 0.495831
1104.079 0.488943
1104.333 0.476184
1104.587 0.493065
1104.841 0.48588
1105.096 0.478839
1105.350 0.496127
1105.605 0.491218
1105.860 0.466026
1106.114 0.499459
1106.369 0.497873
1106.624 0.499386
1106.879 0.496157
1107.133 0.486375
1107.388 0.487573
1107.643 0.484861
1107.898 0.492425
1108.154 0.462358
1108.409 0.488765
1108.664 0.489439
1108.919 0.478031
1109.174 0.485361
1109.430 0.493167
1109.685 0.495336
1109.941 0.488215
1110.197 0.497134
1110.453 0.532199
1110.708 0.541605
1110.964 0.521611
1111.220 0.502553
1111.475 0.500307
1111.732 0.515587
1111.988 0.51415
1112.244 0.513566
1112.500 0.510523
1112.756 0.515965
1113.012 0.523778
1113.268 0.515715
1113.525 0.527178
1113.781 0.540007
1114.038 0.531146
1114.294 0.539702
1114.551 0.519379
1114.808 0.518729
1115.064 0.529446
1115.321 0.520588
1115.578 0.516621
1115.835 0.502855
1116.092 0.500133
1116.349 0.515052
1116.606 0.525718
1116.863 0.505581
1117.120 0.519354
1117.377 0.508624
1117.635 0.511412
1117.892 0.519604
1118.150 0.500043
1118.407 0.536705
1118.665 0.523191
1118.922 0.511428
1119.180 0.499413
1119.438 0.51054
1119.695 0.54448
1119.954 0.538158
1120.211 0.531278
1120.469 0.516554
1120.727 0.488998
1120.985 0.519041
1121.244 0.526709
1121.502 0.520083
1121.760 0.511058
1122.018 0.512224
1122.276 0.518353
1122.535 0.503383
1122.793 0.497196
1123.052 0.53515
1123.311 0.528017
1123.570 0.498907
1123.828 0.522173
1124.087 0.516815
1124.346 0.508842
1124.605 0.507496
1124.864 0.49626
1125.123 0.523271
1125.382 0.530053
1125.641 0.53456
1125.900 0.509356
1126.160 0.511945
1126.419 0.532179
1126.678 0.516394
1126.938 0.48922
1127.198 0.483899
1127.457 0.489509
1127.716 0.509944
1127.976 0.509962
1128.236 0.518305
1128.496 0.50787
1128.756 0.516036
1129.016 0.50995
1129.276 0.500592
1129.535 0.511489
1129.796 0.495562
1130.056 0.500626
1130.316 0.517003
1130.576 0.495536
1130.837 0.490261
1131.097 0.504752
1131.357 0.508046
1131.618 0.488555
1131.879 0.492358
1132.140 0.471982
1132.400 0.487005
1132.661 0.487021
1132.922 0.482347
1133.182 0.496276
1133.444 0.475422
1133.704 0.46453
1133.966 0.472274
1134.227 0.459306
1134.488 0.460411
1134.749 0.478705
1135.010 0.498332
1135.272 0.494983
1135.533 0.483897
1135.795 0.492482
1136.056 0.473091
1136.318 0.481712
1136.580 0.462899
1136.841 0.483763
1137.103 0.472226
1137.365 0.465533
1137.627 0.474841
1137.889 0.460551
1138.151 0.464963
1138.413 0.463051
1138.675 0.452154
1138.938 0.467585
1139.200 0.476078
1139.462 0.432627
1139.724 0.437845
1139.987 0.48123
1140.250 0.458233
1140.512 0.459925
1140.775 0.490701
1141.037 0.463048
1141.300 0.470419
1141.563 0.459319
1141.826 0.466132
1142.089 0.472284
1142.352 0.466669
1142.615 0.480566
1142.878 0.479944
1143.141 0.450665
1143.404 0.468643
1143.668 0.44996
1143.931 0.444005
1144.194 0.441589
1144.458 0.461838
1144.722 0.450214
1144.985 0.458412
1145.249 0.458777
1145.513 0.465968
1145.776 0.468558
1146.041 0.45766
1146.304 0.444705
1146.568 0.45235
1146.833 0.470166
1147.096 0.450837
1147.361 0.43933
1147.625 0.4665
1147.889 0.465113
1148.153 0.471132
1148.418 0.442452
1148.682 0.440618
1148.947 0.472485
1149.212 0.460141
1149.476 0.466741
1149.741 0.464245
1150.006 0.459899
1150.271 0.456018
1150.535 0.456606
1150.800 0.445568
1151.065 0.449444
1151.330 0.472466
1151.596 0.478492
1151.861 0.451839
1152.126 0.45026
1152.391 0.448763
1152.656 0.465633
1152.922 0.472139
1153.188 0.446941
1153.453 0.458513
1153.719 0.47963
1153.985 0.471871
1154.250 0.450112
1154.516 0.467661
1154.782 0.494012
1155.048 0.471459
1155.314 0.459697
1155.580 0.453525
1155.846 0.461066
1156.112 0.45658
1156.378 0.466945
1156.645 0.457541
1156.911 0.44733
1157.178 0.480922
1157.444 0.464937
1157.711 0.462795
1157.977 0.464005
1158.243 0.448088
1158.510 0.451875
1158.777 0.464845
1159.044 0.475875
1159.311 0.470786
1159.578 0.486683
1159.845 0.475429
1160.112 0.461067
1160.379 0.464929
1160.646 0.47951
1160.914 0.478838
1161.181 0.454116
1161.449 0.474053
1161.716 0.461294
1161.983 0.480327
1162.251 0.514083
1162.519 0.5003
1162.787 0.499895
1163.054 0.484442
1163.322 0.4791
1163.590 0.491621
1163.858 0.454804
1164.126 0.480851
1164.394 0.472533
1164.662 0.467684
1164.930 0.470571
1165.199 0.518685
1165.467 0.511281
1165.735 0.478508
1166.004 0.513993
1166.272 0.499502
1166.541 0.483312
1166.809 0.514855
1167.078 0.517482
1167.347 0.502942
1167.615 0.500996
1167.885 0.497255
1168.153 0.521183
1168.423 0.504914
1168.692 0.494371
1168.961 0.522562
1169.230 0.506922
1169.499 0.496087
1169.769 0.500377
1170.038 0.505978
1170.307 0.506534
1170.577 0.470507
1170.847 0.468074
1171.116 0.500327
1171.385 0.515536
1171.656 0.519207
1171.925 0.52112
1172.195 0.506266
1172.465 0.50003
1172.735 0.506311
1173.005 0.51734
1173.275 0.491429
1173.546 0.552527
1173.816 0.562058
1174.086 0.548503
1174.356 0.521277
1174.627 0.505011
1174.897 0.522905
1175.168 0.54384
1175.439 0.540113
1175.709 0.505381
1175.980 0.535595
1176.251 0.53659
1176.522 0.566109
1176.793 0.543705
1177.063 0.535651
1177.335 0.540628
1177.606 0.539742
1177.877 0.51913
1178.148 0.527798
1178.420 0.520542
1178.691 0.533465
1178.962 0.569767
1179.234 0.534312
1179.505 0.523071
1179.777 0.537969
1180.049 0.533258
1180.321 0.530539
1180.592 0.535526
1180.864 0.521812
1181.136 0.550644
1181.408 0.54755
1181.680 0.555481
1181.952 0.552147
1182.225 0.544574
1182.497 0.536451
1182.769 0.544865
1183.041 0.542416
1183.314 0.58801
1183.586 0.612039
1183.859 0.580303
1184.132 0.592832
1184.404 0.602856
1184.677 0.612358
1184.950 0.612618
1185.222 0.59602
1185.496 0.591864
1185.768 0.597412
1186.042 0.587694
1186.315 0.595687
1186.588 0.627797
1186.861 0.650928
1187.134 0.616249
1187.408 0.637799
1187.681 0.611665
1187.955 0.604384
1188.228 0.63202
1188.502 0.623408
1188.776 0.639024
1189.049 0.648745
1189.323 0.643716
1189.597 0.666736
1189.871 0.691939
1190.145 0.674286
1190.420 0.686793
1190.693 0.693745
1190.968 0.700454
1191.242 0.712896
1191.516 0.715616
1191.791 0.660259
1192.065 0.667896
1192.340 0.677361
1192.614 0.703963
1192.889 0.740562
1193.164 0.732751
1193.438 0.737234
1193.713 0.736721
1193.988 0.736832
1194.263 0.732728
1194.538 0.754239
1194.813 0.741393
1195.088 0.736436
1195.363 0.741701
1195.639 0.766781
1195.914 0.726912
1196.190 0.772747
1196.465 0.773644
1196.741 0.773431
1197.016 0.824166
1197.291 0.817125
1197.568 0.830267
1197.843 0.861376
1198.119 0.841337
1198.395 0.841331
1198.671 0.880221
1198.947 0.904579
1199.223 0.868216
1199.499 0.888951
1199.775 0.866254
1200.052 0.885126
1200.328 0.908187
1200.605 0.924625
1200.881 0.877471
1201.157 0.932146
1201.434 0.939871
1201.711 0.981923
1201.988 1.00694
1202.264 1.01333
1202.542 1.03733
1202.818 1.03805
1203.095 1.09384
1203.372 1.1158
1203.649 1.11033
1203.927 1.12983
1204.204 1.19209
1204.481 1.1607
1204.758 1.18084
1205.036 1.1894
1205.313 1.18994
1205.591 1.20291
1205.869 1.24463
1206.146 1.30713
1206.424 1.35333
1206.702 1.35854
1206.979 1.39096
1207.258 1.42968
1207.535 1.50639
1207.814 1.57372
1208.092 1.57448
1208.370 1.64252
1208.648 1.61572
1208.926 1.62851
1209.205 1.67744
1209.483 1.73024
1209.762 1.79365
1210.041 1.82197
1210.320 1.83762
1210.598 1.91101
1210.876 1.98793
1211.156 2.08097
1211.434 2.18512
1211.714 2.22886
1211.992 2.23913
1212.272 2.31913
1212.551 2.37625
1212.830 2.40007
1213.109 2.45279
1213.388 2.51186
1213.668 2.58908
1213.948 2.6242
1214.227 2.69289
1214.507 2.77972
1214.786 2.79545
1215.066 2.80106
1215.346 2.80855
1215.626 2.86676
1215.906 2.91417
1216.186 2.98943
1216.466 2.97124
1216.746 2.97487
1217.026 2.96389
1217.306 2.90664
1217.587 2.91402
1217.867 2.91367
1218.148 2.85621
1218.428 2.83804
1218.708 2.83643
1218.990 2.75724
1219.270 2.72961
1219.551 2.71887
1219.832 2.66888
1220.113 2.66996
1220.394 2.64357
1220.674 2.56679
1220.956 2.54278
1221.237 2.52087
1221.518 2.50684
1221.799 2.50178
1222.081 2.45963
1222.362 2.44207
1222.643 2.39424
1222.925 2.35963
1223.207 2.36111
1223.489 2.31368
1223.770 2.30245
1224.052 2.29582
1224.334 2.2507
1224.616 2.25627
1224.898 2.24899
1225.180 2.23562
1225.462 2.21933
1225.744 2.21298
1226.027 2.17655
1226.309 2.16954
1226.591 2.18267
1226.874 2.18114
1227.156 2.17276
1227.439 2.14997
1227.722 2.1658
1228.005 2.15098
1228.287 2.12487
1228.570 2.15882
1228.853 2.14544
1229.136 2.13732
1229.419 2.17033
1229.702 2.12792
1229.986 2.11707
1230.269 2.12296
1230.552 2.12249
1230.835 2.13336
1231.118 2.14871
1231.402 2.10964
1231.686 2.11563
1231.970 2.13681
1232.253 2.14445
1232.537 2.13922
1232.821 2.13395
1233.104 2.1377
1233.389 2.13194
1233.672 2.12893
1233.957 2.14289
1234.241 2.16197
1234.525 2.14362
1234.809 2.13932
1235.094 2.16525
1235.378 2.15031
1235.662 2.15666
1235.948 2.13744
1236.232 2.12303
1236.517 2.13954
1236.801 2.14777
1237.087 2.14144
1237.371 2.13345
1237.656 2.12067
1237.941 2.11064
1238.226 2.10362
1238.511 2.08739
1238.796 2.1031
1239.082 2.05689
1239.367 2.05474
1239.652 2.05116
1239.938 2.03227
1240.223 2.00001
1240.509 1.97422
1240.795 1.98288
1241.081 1.97297
1241.366 1.94883
1241.652 1.9115
1241.938 1.88195
1242.224 1.86681
1242.510 1.83778
1242.796 1.82259
1243.083 1.79647
1243.369 1.77233
1243.655 1.76159
1243.942 1.75827
1244.228 1.7139
1244.515 1.70812
1244.801 1.69536
1245.088 1.66388
1245.375 1.65043
1245.661 1.64754
1245.948 1.62926
1246.235 1.61873
1246.522 1.60194
1246.809 1.5745
1247.096 1.57657
1247.383 1.5615
1247.670 1.53781
1247.958 1.53742
1248.245 1.52112
1248.533 1.51104
1248.820 1.50546
1249.108 1.49696
1249.396 1.49018
1249.683 1.48179
1249.971 1.46309
1250.259 1.47005
1250.547 1.45674
1250.835 1.43255
1251.123 1.44166
1251.411 1.43437
1251.699 1.42249
1251.987 1.41928
1252.276 1.40563
1252.564 1.39684
1252.852 1.40065
1253.141 1.39051
1253.430 1.38452
1253.718 1.39301
1254.007 1.38265
1254.296 1.37771
1254.585 1.3697
1254.873 1.35837
1255.163 1.34841
1255.452 1.33349
1255.740 1.35309
1256.030 1.34302
1256.319 1.34403
1256.609 1.34178
1256.898 1.33743
1257.188 1.33345
1257.477 1.31913
1257.766 1.33672
1258.056 1.32875
1258.345 1.32019
1258.636 1.32223
1258.925 1.3118
1259.215 1.32614
1259.505 1.31023
1259.795 1.32263
1260.085 1.31359
1260.375 1.30689
1260.666 1.30753
1260.956 1.3055
1261.247 1.29497
1261.537 1.2901
1261.827 1.29346
1262.118 1.28799
1262.408 1.27652
1262.699 1.26436
1262.990 1.27707
1263.281 1.26953
1263.572 1.26292
1263.863 1.28459
1264.154 1.26814
1264.445 1.24282
1264.736 1.24945
1265.027 1.2483
1265.319 1.22943
1265.610 1.23332
1265.901 1.22792
1266.193 1.22815
1266.484 1.21839
1266.776 1.21578
1267.068 1.21999
1267.360 1.20288
1267.652 1.19864
1267.943 1.1983
1268.236 1.18503
1268.527 1.17398
1268.820 1.17569
1269.112 1.1629
1269.404 1.16151
1269.697 1.15624
1269.989 1.16532
1270.281 1.15854
1270.574 1.14384
1270.867 1.13107
1271.159 1.14059
1271.452 1.13696
1271.745 1.12793
1272.037 1.11752
1272.331 1.11497
1272.623 1.111
1272.917 1.1225
1273.210 1.10442
1273.503 1.08231
1273.796 1.09213
1274.089 1.08832
1274.383 1.0853
1274.676 1.09448
1274.970 1.08689
1275.263 1.08105
1275.557 1.07567
1275.851 1.07882
1276.144 1.07982
1276.439 1.07224
1276.732 1.06438
1277.027 1.0653
1277.320 1.05997
1277.615 1.06221
1277.909 1.05986
1278.204 1.05575
1278.498 1.0469
1278.792 1.04872
1279.087 1.04473
1279.381 1.04933
1279.676 1.03376
1279.970 1.03375
1280.266 1.03494
1280.560 1.04767
1280.855 1.04709
1281.150 1.0266
1281.445 1.02938
1281.740 1.03846
1282.035 1.03702
1282.331 1.02634
1282.626 1.05053
1282.922 1.03279
1283.217 1.03157
1283.512 1.03363
1283.808 1.03315
1284.103 1.04232
1284.399 1.03359
1284.695 1.02519
1284.991 1.02732
1285.287 1.02786
1285.582 1.0316
1285.879 1.0346
1286.175 1.03525
1286.471 1.03865
1286.767 1.04055
1287.064 1.03416
1287.360 1.02132
1287.656 1.02804
1287.953 1.03197
1288.249 1.0408
1288.546 1.02781
1288.843 1.04387
1289.140 1.03841
1289.437 1.03887
1289.733 1.04034
1290.031 1.03554
1290.327 1.04411
1290.625 1.07012
1290.922 1.04476
1291.219 1.04543
1291.516 1.06459
1291.814 1.05565
1292.112 1.05591
1292.409 1.05092
1292.707 1.05419
1293.004 1.06263
1293.302 1.05522
1293.600 1.05829
1293.897 1.07133
1294.196 1.07728
1294.494 1.08702
1294.792 1.08037
1295.090 1.07883
1295.389 1.07366
1295.687 1.09199
1295.985 1.07747
1296.283 1.07621
1296.582 1.08884
1296.881 1.09127
1297.179 1.09976
1297.478 1.10498
1297.777 1.10529
1298.075 1.11463
1298.375 1.10277
1298.673 1.11505
1298.973 1.12465
1299.271 1.11475
1299.571 1.11638
1299.870 1.11595
1300.169 1.13217
1300.469 1.13415
1300.768 1.1371
1301.068 1.14094
1301.367 1.14722
1301.667 1.15589
1301.967 1.14889
1302.266 1.13927
1302.567 1.15898
1302.866 1.16306
1303.167 1.16033
1303.467 1.16271
1303.767 1.1511
1304.067 1.15218
1304.367 1.14622
1304.668 1.14368
1304.968 1.15263
1305.269 1.14886
1305.569 1.14435
1305.870 1.1562
1306.171 1.13912
1306.471 1.1352
1306.772 1.14931
1307.073 1.15143
1307.375 1.14337
1307.675 1.13113
1307.977 1.13691
1308.278 1.13241
1308.579 1.12438
1308.880 1.12252
1309.182 1.11854
1309.483 1.11537
1309.785 1.10518
1310.087 1.09552
1310.388 1.10047
1310.689 1.08717
1310.992 1.09524
1311.293 1.0985
1311.596 1.08477
1311.897 1.09002
1312.200 1.07766
1312.502 1.067
1312.804 1.07584
1313.107 1.05982
1313.409 1.05117
1313.711 1.06794
1314.014 1.05672
1314.317 1.05389
1314.619 1.04633
1314.922 1.04738
1315.225 1.0381
1315.527 1.03165
1315.831 1.04215
1316.133 1.03136
1316.437 1.0242
1316.740 1.02491
1317.043 1.0229
1317.346 1.01725
1317.649 1.02879
1317.953 1.01975
1318.256 1.01005
1318.560 1.01783
1318.864 1.02057
1319.167 1.02085
1319.471 1.02394
1319.775 1.01027
1320.079 1.00656
1320.383 1.01187
1320.687 1.01069
1320.991 0.998053
1321.295 1.01581
1321.600 1.00755
1321.904 1.00692
1322.209 1.00624
1322.513 1.00219
1322.818 1.00651
1323.122 1.01528
1323.427 1.01366
1323.732 1.00732
1324.036 1.02178
1324.342 1.00919
1324.646 1.00923
1324.952 1.01127
1325.256 1.00698
1325.562 1.00352
1325.867 1.02257
1326.172 1.02571
1326.478 1.01379
1326.783 1.02112
1327.089 1.0185
1327.394 1.02081
1327.700 1.02338
1328.006 1.02705
1328.312 1.02675
1328.618 1.02909
1328.923 1.02974
1329.230 1.03685
1329.535 1.04071
1329.842 1.05157
1330.148 1.04781
1330.455 1.0535
1330.761 1.05295
1331.067 1.05534
1331.374 1.05351
1331.680 1.05139
1331.987 1.06102
1332.294 1.05478
1332.601 1.06414
1332.907 1.07672
1333.214 1.07623
1333.521 1.06161
1333.828 1.06086
1334.136 1.06189
1334.443 1.0608
1334.750 1.05732
1335.057 1.05986
1335.365 1.06978
1335.672 1.06777
1335.980 1.07281
1336.288 1.05566
1336.595 1.06387
1336.904 1.06109
1337.211 1.06278
1337.519 1.06217
1337.827 1.05525
1338.135 1.0577
1338.443 1.06001
1338.751 1.05082
1339.060 1.05831
1339.368 1.05682
1339.676 1.05707
1339.985 1.05183
1340.293 1.04171
1340.603 1.03808
1340.911 1.04644
1341.220 1.05027
1341.529 1.04345
1341.837 1.04008
1342.147 1.03518
1342.455 1.03423
1342.765 1.03299
1343.074 1.02455
1343.384 1.02756
1343.693 1.0297
1344.002 1.02065
1344.312 1.02969
1344.621 1.01885
1344.931 1.00783
1345.240 1.01515
1345.551 1.0292
1345.860 1.0194
1346.170 1.01832
1346.480 1.01137
1346.790 1.01899
1347.101 1.02471
1347.410 1.0209
1347.721 1.01757
1348.031 1.02173
1348.341 1.01098
1348.652 1.01362
1348.963 1.01254
1349.274 1.00721
1349.584 1.0053
1349.895 1.0099
1350.206 1.00883
1350.516 1.00667
1350.828 1.00888
1351.139 1.00313
1351.450 1.00779
1351.761 1.01107
1352.073 1.01054
1352.384 0.996249
1352.695 1.01188
1353.007 1.01876
1353.318 1.00348
1353.630 1.01074
1353.942 1.00176
1354.254 1.0005
1354.565 1.00654
1354.877 1.00221
1355.189 1.01086
1355.501 0.997973
1355.814 1.00583
1356.125 1.00476
1356.438 1.00901
1356.750 1.00239
1357.063 1.01124
1357.375 1.01962
1357.688 1.00832
1358.001 1.00247
1358.313 0.999893
1358.626 1.01068
1358.939 1.00995
1359.251 1.01524
1359.565 0.998414
1359.878 1.00758
1360.191 1.01344
1360.504 1.01884
1360.818 1.01101
1361.131 1.01605
1361.444 1.01229
1361.758 1.01518
1362.071 1.01557
1362.385 1.01606
1362.699 1.024
1363.013 1.02528
1363.327 1.01682
1363.640 1.01037
1363.955 1.01232
1364.269 1.01674
1364.583 1.02586
1364.897 1.01724
1365.212 1.01631
1365.526 1.0265
1365.840 1.02086
1366.155 1.02579
1366.469 1.03273
1366.784 1.0208
1367.099 1.02214
1367.414 1.02397
1367.729 1.01545
1368.043 1.03052
1368.359 1.03288
1368.673 1.02628
1368.989 1.02135
1369.304 1.03081
1369.620 1.03163
1369.935 1.0371
1370.250 1.03402
1370.566 1.02756
1370.881 1.02561
1371.197 1.03258
1371.513 1.03364
1371.829 1.04372
1372.145 1.04272
1372.461 1.04159
1372.777 1.04476
1373.093 1.04557
1373.409 1.04011
1373.725 1.04247
1374.042 1.03789
1374.358 1.05721
1374.675 1.05789
1374.991 1.0576
1375.308 1.06091
1375.625 1.06177
1375.941 1.04886
1376.259 1.04488
1376.575 1.05543
1376.893 1.05761
1377.209 1.06383
1377.527 1.0654
1377.844 1.05995
1378.161 1.07026
1378.479 1.06857
1378.796 1.06353
1379.114 1.08447
1379.431 1.08349
1379.749 1.07623
1380.066 1.08937
1380.384 1.0838
1380.702 1.0868
1381.020 1.09647
1381.338 1.08715
1381.656 1.10107
1381.975 1.11004
1382.292 1.12549
1382.611 1.12184
1382.929 1.12149
1383.248 1.13355
1383.566 1.13017
1383.885 1.12707
1384.204 1.14357
1384.522 1.14353
1384.841 1.1404
1385.160 1.15211
1385.479 1.1575
1385.798 1.1603
1386.117 1.1689
1386.437 1.1604
1386.756 1.16767
1387.075 1.18002
1387.395 1.17792
1387.714 1.18753
1388.034 1.19722
1388.353 1.20722
1388.673 1.20074
1388.993 1.21508
1389.312 1.21987
1389.633 1.23033
1389.952 1.22265
1390.273 1.23054
1390.593 1.22596
1390.913 1.22464
1391.233 1.23547
1391.553 1.24287
1391.874 1.24126
1392.194 1.25038
1392.515 1.24529
1392.836 1.24208
1393.157 1.24029
1393.478 1.23581
1393.798 1.23729
1394.119 1.2412
1394.440 1.24379
1394.762 1.2349
1395.083 1.2422
1395.404 1.2517
1395.725 1.25024
1396.046 1.26298
1396.368 1.25015
1396.689 1.2573
1397.012 1.2503
1397.333 1.24665
1397.655 1.26815
1397.977 1.26066
1398.298 1.25987
1398.621 1.27263
1398.943 1.25874
1399.265 1.26433
1399.587 1.25496
1399.910 1.26156
1400.232 1.24831
1400.554 1.24203
1400.877 1.25095
1401.199 1.23683
1401.522 1.23951
1401.845 1.24002
1402.168 1.23701
1402.490 1.21226
1402.813 1.20869
1403.137 1.22511
1403.459 1.21734
1403.783 1.20391
1404.106 1.19158
1404.430 1.1765
1404.753 1.16786
1405.076 1.17575
1405.400 1.16809
1405.723 1.15661
1406.047 1.16027
1406.371 1.1654
1406.695 1.14268
1407.019 1.1498
1407.343 1.14081
1407.667 1.13132
1407.991 1.11683
1408.316 1.12539
1408.640 1.11683
1408.964 1.09979
1409.289 1.10181
1409.613 1.09483
1409.938 1.10371
1410.262 1.09021
1410.587 1.08655
1410.912 1.09091
1411.237 1.08818
1411.562 1.08527
1411.887 1.06697
1412.212 1.07175
1412.537 1.06727
1412.863 1.06768
1413.188 1.06015
1413.514 1.0529
1413.839 1.04871
1414.164 1.04886
1414.490 1.04715
1414.816 1.04953
1415.142 1.04077
1415.467 1.04067
1415.794 1.03389
1416.120 1.02357
1416.445 1.03742
1416.772 1.03654
1417.098 1.02498
1417.425 1.02657
1417.751 1.02689
1418.078 1.00421
1418.404 1.00829
1418.730 1.02163
1419.057 1.00803
1419.384 1.01385
1419.711 1.01492
1420.038 1.0116
1420.365 0.999989
1420.692 1.0096
1421.019 1.00104
1421.346 0.994178
1421.673 1.00277
1422.001 0.993853
1422.328 0.995998
1422.656 1.0008
1422.984 0.99208
1423.312 1.00045
1423.639 0.989849
1423.967 0.991883
1424.295 0.993838
1424.623 0.993984
1424.951 0.976941
1425.279 0.986161
1425.608 0.992401
1425.936 0.985596
1426.265 0.994457
1426.593 0.979557
1426.921 0.976552
1427.250 0.97036
1427.578 0.978344
1427.907 0.985243
1428.236 0.984323
1428.565 0.97744
1428.894 0.976534
1429.223 0.962476
1429.552 0.968615
1429.881 0.972746
1430.211 0.970238
1430.540 0.96964
1430.870 0.957726
1431.199 0.965055
1431.528 0.965153
1431.858 0.970056
1432.188 0.952135
1432.518 0.959934
1432.847 0.9706
1433.178 0.97036
1433.507 0.969579
1433.837 0.952433
1434.168 0.963553
1434.498 0.965949
1434.829 0.955095
1435.159 0.962748
1435.490 0.966236
1435.820 0.945839
1436.150 0.947691
1436.481 0.952882
1436.812 0.949799
1437.143 0.949026
1437.474 0.94658
1437.805 0.945042
1438.136 0.94541
1438.467 0.95142
1438.799 0.940169
1439.130 0.933861
1439.461 0.94272
1439.792 0.950506
1440.125 0.9455
1440.456 0.940258
1440.787 0.950178
1441.120 0.953423
1441.451 0.950818
1441.783 0.939787
1442.115 0.935816
1442.448 0.950313
1442.779 0.932313
1443.111 0.945775
1443.444 0.942525
1443.776 0.925776
1444.109 0.941735
1444.441 0.935147
1444.774 0.93975
1445.107 0.933482
1445.439 0.943541
1445.773 0.931783
1446.105 0.929408
1446.439 0.94145
1446.771 0.931723
1447.105 0.93903
1447.438 0.936381
1447.771 0.935548
1448.105 0.927779
1448.438 0.93457
1448.772 0.93233
1449.105 0.939564
1449.439 0.940099
1449.773 0.946717
1450.106 0.938586
1450.441 0.934174
1450.774 0.939729
1451.109 0.931582
1451.443 0.955365
1451.777 0.934688
1452.111 0.943917
1452.445 0.945526
1452.780 0.941449
1453.115 0.946808
1453.450 0.936367
1453.784 0.940855
1454.119 0.942774
1454.454 0.946188
1454.788 0.948366
1455.124 0.933032
1455.459 0.954094
1455.794 0.945315
1456.129 0.934347
1456.465 0.943361
1456.800 0.938903
1457.135 0.945986
1457.471 0.944054
1457.806 0.950331
1458.143 0.942154
1458.478 0.944214
1458.814 0.952809
1459.150 0.947605
1459.486 0.949549
1459.822 0.940608
1460.158 0.949827
1460.495 0.945553
1460.831 0.948306
1461.168 0.949581
1461.504 0.947155
1461.840 0.952586
1462.177 0.948486
1462.513 0.953853
1462.851 0.95077
1463.187 0.937304
1463.525 0.93968
1463.861 0.948417
1464.198 0.940835
1464.536 0.932868
1464.873 0.949763
1465.210 0.943632
1465.547 0.939334
1465.885 0.945844
1466.223 0.93545
1466.560 0.943583
1466.898 0.937571
1467.236 0.951191
1467.574 0.945422
1467.912 0.948188
1468.250 0.940161
1468.588 0.947509
1468.926 0.949306
1469.264 0.94297
1469.602 0.94699
1469.941 0.953283
1470.279 0.958307
1470.618 0.949243
1470.957 0.941009
1471.295 0.949626
1471.635 0.94444
1471.973 0.96188
1472.313 0.955965
1472.651 0.953778
1472.991 0.951865
1473.330 0.948108
1473.668 0.94906
1474.008 0.951854
1474.347 0.95914
1474.688 0.958046
1475.027 0.96232
1475.367 0.948718
1475.706 0.956899
1476.047 0.958813
1476.386 0.955294
1476.726 0.973712
1477.066 0.970346
1477.406 0.971977
1477.747 0.964993
1478.087 0.962908
1478.427 0.967328
1478.768 0.980247
1479.109 0.977081
1479.449 0.9666
1479.789 0.968228
1480.130 0.967341
1480.471 0.970708
1480.812 0.977835
1481.153 0.972686
1481.495 0.984061
1481.835 0.975561
1482.176 0.968847
1482.518 0.979082
1482.859 0.971239
1483.201 0.966957
1483.542 0.981622
1483.884 0.987636
1484.226 0.968619
1484.567 0.967502
1484.910 0.991311
1485.251 0.967696
1485.594 0.976988
1485.935 0.982655
1486.278 0.987199
1486.620 0.978846
1486.962 0.977904
1487.305 0.980428
1487.647 0.98053
1487.990 0.989395
1488.332 0.992591
1488.676 0.988986
1489.018 0.984134
1489.361 0.972846
1489.704 0.987258
1490.047 0.985575
1490.390 0.99102
1490.733 0.981103
1491.077 0.981879
1491.420 0.989484
1491.763 0.985939
1492.107 0.984813
1492.450 0.996276
1492.794 0.993697
1493.138 0.992487
1493.482 0.987652
1493.826 0.991205
1494.169 1.00225
1494.514 1.00278
1494.858 0.995333
1495.203 1.00035
1495.547 0.995278
1495.891 0.987671
1496.235 1.00468
1496.580 1.00167
1496.925 0.999277
1497.269 1.01312
1497.615 1.01775
1497.959 1.01695
1498.304 1.01305
1498.649 1.0079
1498.994 0.998469
1499.339 1.0193
1499.684 1.01158
1500.030 1.00532
1500.375 1.02361
1500.721 1.01604
1501.067 1.01879
1501.412 1.02032
1501.758 1.02226
1502.104 1.02127
1502.450 1.01974
1502.796 1.02513
1503.142 1.037
1503.488 1.02863
1503.834 1.0156
1504.181 1.0195
1504.527 1.04194
1504.874 1.03759
1505.220 1.03268
1505.567 1.04002
1505.913 1.02671
1506.260 1.04329
1506.607 1.05517
1506.954 1.03311
1507.301 1.04223
1507.648 1.04764
1507.995 1.04473
1508.342 1.05676
1508.689 1.05546
1509.037 1.03661
1509.384 1.05859
1509.733 1.05396
1510.080 1.05641
1510.428 1.06487
1510.776 1.06012
1511.123 1.07684
1511.471 1.0669
1511.819 1.04894
1512.168 1.05936
1512.516 1.07431
1512.865 1.07276
1513.213 1.07209
1513.561 1.0804
1513.910 1.09074
1514.258 1.09691
1514.607 1.09237
1514.956 1.09189
1515.305 1.1089
1515.654 1.12124
1516.002 1.1087
1516.352 1.11128
1516.701 1.12947
1517.050 1.11612
1517.399 1.12311
1517.749 1.12914
1518.098 1.13254
1518.448 1.14766
1518.798 1.15974
1519.147 1.13762
1519.498 1.15893
1519.847 1.16095
1520.198 1.16653
1520.547 1.17725
1520.897 1.18418
1521.248 1.18669
1521.598 1.1987
1521.949 1.19282
1522.299 1.18628
1522.650 1.20755
1523.000 1.21705
1523.350 1.21306
1523.702 1.22635
1524.052 1.22075
1524.404 1.22833
1524.754 1.23858
1525.106 1.24455
1525.457 1.25572
1525.808 1.25582
1526.160 1.27208
1526.511 1.27187
1526.863 1.27348
1527.214 1.29217
1527.566 1.3117
1527.917 1.30621
1528.269 1.30716
1528.621 1.31661
1528.973 1.32916
1529.326 1.33977
1529.677 1.32476
1530.030 1.34309
1530.382 1.35804
1530.735 1.35523
1531.087 1.37095
1531.439 1.3769
1531.793 1.39229
1532.145 1.40154
1532.498 1.41185
1532.851 1.43155
1533.204 1.429
1533.557 1.42098
1533.911 1.43782
1534.264 1.46571
1534.616 1.45664
1534.970 1.47651
1535.323 1.49568
1535.678 1.51101
1536.031 1.5212
1536.385 1.51862
1536.739 1.54464
1537.092 1.55397
1537.446 1.5488
1537.800 1.57753
1538.155 1.59984
1538.509 1.60756
1538.863 1.63317
1539.217 1.6385
1539.572 1.62995
1539.927 1.65054
1540.281 1.67071
1540.636 1.68786
1540.990 1.6831
1541.346 1.71247
1541.700 1.71583
1542.055 1.71705
1542.411 1.73133
1542.765 1.71799
1543.121 1.7483
1543.476 1.73854
1543.832 1.76232
1544.187 1.74743
1544.542 1.74219
1544.899 1.77657
1545.254 1.74196
1545.610 1.75484
1545.966 1.74728
1546.323 1.7469
1546.678 1.74603
1547.034 1.73835
1547.391 1.732
1547.747 1.7126
1548.104 1.70411
1548.460 1.69403
1548.817 1.69006
1549.173 1.66663
1549.530 1.64848
1549.887 1.6112
1550.243 1.63347
1550.601 1.57878
1550.958 1.57526
1551.315 1.54996
1551.672 1.55562
1552.029 1.52351
1552.387 1.49058
1552.744 1.48553
1553.102 1.47174
1553.459 1.45403
1553.818 1.44879
1554.175 1.40973
1554.533 1.39482
1554.891 1.37684
1555.249 1.36474
1555.607 1.37164
1555.965 1.34543
1556.324 1.33212
1556.682 1.33857
1557.040 1.31423
1557.399 1.29268
1557.758 1.29217
1558.117 1.28911
1558.475 1.25552
1558.835 1.25957
1559.193 1.25758
1559.552 1.25302
1559.912 1.24372
1560.270 1.23022
1560.630 1.21493
1560.989 1.21189
1561.349 1.20875
1561.708 1.20656
1562.068 1.18229
1562.428 1.18245
1562.787 1.18652
1563.148 1.16085
1563.507 1.16653
1563.868 1.16723
1564.228 1.16023
1564.587 1.15638
1564.948 1.15186
1565.308 1.13547
1565.669 1.14156
1566.029 1.10853
1566.391 1.12176
1566.751 1.11232
1567.111 1.12111
1567.473 1.10307
1567.833 1.12424
1568.195 1.11859
1568.556 1.10018
1568.917 1.10162
1569.278 1.10613
1569.639 1.08031
1570.001 1.07011
1570.362 1.08432
1570.724 1.08099
1571.086 1.08746
1571.448 1.07631
1571.810 1.07699
1572.171 1.06994
1572.534 1.06078
1572.896 1.05557
1573.258 1.0562
1573.620 1.05818
1573.983 1.054
1574.345 1.05604
1574.707 1.06275
1575.070 1.03701
1575.433 1.05739
1575.796 1.04801
1576.158 1.03143
1576.522 1.03754
1576.885 1.04487
1577.247 1.0409
1577.611 1.02967
1577.974 1.02916
1578.338 1.02175
1578.701 1.02462
1579.065 1.03103
1579.428 1.01572
1579.792 1.03362
1580.156 1.03787
1580.519 1.03546
1580.884 1.01339
1581.248 1.01264
1581.612 1.02136
1581.976 1.02116
1582.340 1.01437
1582.705 1.01736
1583.069 1.00678
1583.434 1.01072
1583.798 1.00743
1584.164 1.01181
1584.528 1.01863
1584.892 0.994436
1585.258 1.00029
1585.623 1.00221
1585.988 0.996661
1586.353 1.01162
1586.719 1.01408
1587.084 0.999645
1587.450 1.0072
1587.815 1.00779
1588.180 0.999836
1588.547 1.00056
1588.912 1.005
1589.279 1.00806
1589.644 0.994833
1590.011 0.990818
1590.376 0.990109
1590.743 1.00185
1591.109 0.985766
1591.475 0.992296
1591.842 0.978125
1592.208 0.992331
1592.575 0.999159
1592.942 0.987169
1593.309 0.985015
1593.676 1.01037
1594.042 0.993834
1594.410 0.984822
1594.777 0.983352
1595.145 0.97885
1595.511 0.986776
1595.879 0.993186
1596.247 0.991655
1596.614 1.00272
1596.982 0.987312
1597.349 0.980953
1597.718 0.984769
1598.085 0.986961
1598.454 1.01406
1598.821 1
1599.189 0.98792
1599.558 0.999456
1599.926 1.0044
1600.295 0.99216
1600.663 0.999047
1601.032 1.00143
1601.401 0.99148
1601.769 1.00964
1602.138 1.01018
1602.507 0.97987
1602.876 1.01495
1603.245 0.991312
1603.615 0.985287
1603.984 0.999312
1604.353 0.987312
1604.723 0.997015
1605.092 0.999457
1605.462 0.992478
1605.831 1.00276
1606.202 0.990124
1606.571 0.992946
1606.941 1.01296
1607.311 0.995696
1607.681 0.997062
1608.052 1.00919
1608.422 0.99117
1608.793 0.996739
1609.163 1.0027
1609.533 0.990379
1609.904 0.982242
1610.274 0.980363
1610.646 1.0012
1611.016 1.00155
1611.388 0.984128
1611.758 0.994433
1612.129 0.994318
1612.501 0.985203
1612.872 1.00125
1613.244 0.996466
1613.615 1.0177
1613.987 0.996785
1614.358 1.00469
1614.730 0.998105
1615.102 1.00317
1615.474 1.00368
1615.846 0.994139
1616.218 1.01204
1616.591 1.00433
1616.962 0.990059
1617.334 0.999929
1617.707 1.00039
1618.080 1.00152
1618.453 0.987671
1618.825 1.0092
1619.198 0.992944
1619.571 0.994862
1619.943 1.0152
1620.317 1.0108
1620.690 0.999863
1621.063 1.01174
1621.436 1.01618
1621.810 0.99649
1622.183 1.00208
1622.557 1.00332
1622.931 1.00915
1623.304 1.00632
1623.678 1.00763
1624.052 1.01835
1624.426 1.0272
1624.800 1.01597
1625.174 0.996291
1625.549 1.01201
1625.923 1.01022
1626.297 1.00484
1626.672 1.01483
1627.047 1.0232
1627.421 1.00717
1627.795 1.01337
1628.171 1.00681
1628.545 1.01467
1628.921 1.02707
1629.296 1.019
1629.671 0.995739
1630.046 1.01115
1630.421 1.02423
1630.797 1.03247
1631.172 1.00664
1631.548 1.02062
1631.924 1.03409
1632.300 1.0264
1632.676 1.024
1633.051 1.02597
1633.428 1.04863
1633.804 1.0145
1634.180 1.02632
1634.556 1.03077
1634.933 1.02898
1635.309 1.01812
1635.686 1.01476
1636.063 1.02207
1636.439 1.02033
1636.816 1.01992
1637.193 1.01304
1637.571 1.00569
1637.947 1.02032
1638.324 0.998638
1638.702 1.01132
1639.079 1.01249
1639.457 1.00621
1639.834 1.00356
1640.212 1.03446
1640.589 1.00968
1640.967 0.985589
1641.345 0.976716
1641.723 0.980525
1642.101 1.00032
1642.479 0.996197
1642.858 0.991794
1643.236 0.994731
1643.614 0.980168
1643.993 0.989897
1644.371 0.976251
1644.750 0.97663
1645.129 0.986488
1645.508 0.979332
1645.887 0.989031
1646.266 0.992066
1646.645 0.969589
1647.024 0.976774
1647.403 0.983319
1647.782 0.974952
1648.162 0.971956
1648.542 0.9709
1648.922 0.972899
1649.301 0.974036
1649.681 0.971975
